model,distribution,iteration,state,prob
prior,half_or_deterministic,8351,0.975,0.2135359392182345
prior,half_or_deterministic,8351,0.925,0.07727681695491351
prior,half_or_deterministic,8351,0.875,0.018194541637508742
prior,half_or_deterministic,8351,0.825,0.00909727081875437
prior,half_or_deterministic,8351,0.775,0.018194541637508742
prior,half_or_deterministic,8351,0.725,0.027291812456263116
prior,half_or_deterministic,8351,0.675,0.027291812456263116
prior,half_or_deterministic,8351,0.625,0.0863740877736679
prior,half_or_deterministic,8351,0.575,0.040887733679896024
prior,half_or_deterministic,8351,0.525,0.1135659302209337
prior,half_or_deterministic,8351,0.475,0.15455363390982704
prior,half_or_deterministic,8351,0.425,0.00909727081875437
prior,half_or_deterministic,8351,0.375,0.018194541637508742
prior,half_or_deterministic,8351,0.325,0.040887733679896024
prior,half_or_deterministic,8351,0.275,0.018194541637508742
prior,half_or_deterministic,8351,0.225,0.040887733679896024
prior,half_or_deterministic,8351,0.175,0.004598620413875837
prior,half_or_deterministic,8351,0.125,0.004598620413875837
prior,half_or_deterministic,8351,0.075,0.004598620413875837
prior,half_or_deterministic,8351,0.025,0.07267819654103766
literal,half_or_deterministic,8351,0.025,0.0030183935171384114
literal,half_or_deterministic,8351,0.075,0.0005347580261450167
literal,half_or_deterministic,8351,0.125,0.0009167280448200289
literal,half_or_deterministic,8351,0.175,0.0012986980634950415
literal,half_or_deterministic,8351,0.225,0.014943331426251137
literal,half_or_deterministic,8351,0.275,0.008160872485952216
literal,half_or_deterministic,8351,0.325,0.021735754801819822
literal,half_or_deterministic,8351,0.375,0.011183417851119705
literal,half_or_deterministic,8351,0.425,0.00634734526685172
literal,half_or_deterministic,8351,0.475,0.12067263259549449
literal,half_or_deterministic,8351,0.525,0.09810318670943627
literal,half_or_deterministic,8351,0.575,0.03871681324074162
literal,half_or_deterministic,8351,0.625,0.08896247808862207
literal,half_or_deterministic,8351,0.675,0.03037658091993332
literal,half_or_deterministic,8351,0.725,0.03264348994380888
literal,half_or_deterministic,8351,0.775,0.023273599311789676
literal,half_or_deterministic,8351,0.825,0.012392435997186698
literal,half_or_deterministic,8351,0.875,0.02629614467695716
literal,half_or_deterministic,8351,0.925,0.11810512977431378
literal,half_or_deterministic,8351,0.975,0.34231820925812295
pragmatic_unlifted,half_or_deterministic,8351,0.025,0.00010748188189981778
pragmatic_unlifted,half_or_deterministic,8351,0.075,0.000053300928679101604
pragmatic_unlifted,half_or_deterministic,8351,0.125,0.00015652737648305431
pragmatic_unlifted,half_or_deterministic,8351,0.175,0.00031379901908825097
pragmatic_unlifted,half_or_deterministic,8351,0.225,0.004665818517167961
pragmatic_unlifted,half_or_deterministic,8351,0.275,0.003121471760061592
pragmatic_unlifted,half_or_deterministic,8351,0.325,0.009831596109647081
pragmatic_unlifted,half_or_deterministic,8351,0.375,0.005833858470625102
pragmatic_unlifted,half_or_deterministic,8351,0.425,0.0037475080296865922
pragmatic_unlifted,half_or_deterministic,8351,0.475,0.07946429135192107
pragmatic_unlifted,half_or_deterministic,8351,0.525,0.07121316215977824
pragmatic_unlifted,half_or_deterministic,8351,0.575,0.03068334268556649
pragmatic_unlifted,half_or_deterministic,8351,0.625,0.07635350923260407
pragmatic_unlifted,half_or_deterministic,8351,0.675,0.02804117518272522
pragmatic_unlifted,half_or_deterministic,8351,0.725,0.03221926860430757
pragmatic_unlifted,half_or_deterministic,8351,0.775,0.024434262800072087
pragmatic_unlifted,half_or_deterministic,8351,0.825,0.013776235378476392
pragmatic_unlifted,half_or_deterministic,8351,0.875,0.03082801881449881
pragmatic_unlifted,half_or_deterministic,8351,0.925,0.14548793191013998
pragmatic_unlifted,half_or_deterministic,8351,0.975,0.4396674397865715
fixed_0.05,half_or_deterministic,8351,0.075,0.004959034066407935
fixed_0.05,half_or_deterministic,8351,0.125,0.004959034066407935
fixed_0.05,half_or_deterministic,8351,0.175,0.004959034066407935
fixed_0.05,half_or_deterministic,8351,0.225,0.04409228115567054
fixed_0.05,half_or_deterministic,8351,0.275,0.01962052608883139
fixed_0.05,half_or_deterministic,8351,0.325,0.04409228115567054
fixed_0.05,half_or_deterministic,8351,0.375,0.01962052608883139
fixed_0.05,half_or_deterministic,8351,0.425,0.009810263044415693
fixed_0.05,half_or_deterministic,8351,0.475,0.16666666666666669
fixed_0.05,half_or_deterministic,8351,0.525,0.12246658042259594
fixed_0.05,half_or_deterministic,8351,0.575,0.04409228115567054
fixed_0.05,half_or_deterministic,8351,0.625,0.09314359637774904
fixed_0.05,half_or_deterministic,8351,0.675,0.02943078913324709
fixed_0.05,half_or_deterministic,8351,0.725,0.02943078913324709
fixed_0.05,half_or_deterministic,8351,0.775,0.01962052608883139
fixed_0.05,half_or_deterministic,8351,0.825,0.009810263044415693
fixed_0.05,half_or_deterministic,8351,0.875,0.01962052608883139
fixed_0.05,half_or_deterministic,8351,0.925,0.08333333333333333
fixed_0.05,half_or_deterministic,8351,0.975,0.23027166882276842
fixed_0.1,half_or_deterministic,8351,0.125,0.0049837486457204785
fixed_0.1,half_or_deterministic,8351,0.175,0.0049837486457204785
fixed_0.1,half_or_deterministic,8351,0.225,0.044312026002166834
fixed_0.1,half_or_deterministic,8351,0.275,0.01971830985915493
fixed_0.1,half_or_deterministic,8351,0.325,0.044312026002166834
fixed_0.1,half_or_deterministic,8351,0.375,0.01971830985915493
fixed_0.1,half_or_deterministic,8351,0.425,0.009859154929577464
fixed_0.1,half_or_deterministic,8351,0.475,0.1674972914409534
fixed_0.1,half_or_deterministic,8351,0.525,0.12307692307692304
fixed_0.1,half_or_deterministic,8351,0.575,0.044312026002166834
fixed_0.1,half_or_deterministic,8351,0.625,0.09360780065005415
fixed_0.1,half_or_deterministic,8351,0.675,0.0295774647887324
fixed_0.1,half_or_deterministic,8351,0.725,0.0295774647887324
fixed_0.1,half_or_deterministic,8351,0.775,0.01971830985915493
fixed_0.1,half_or_deterministic,8351,0.825,0.009859154929577464
fixed_0.1,half_or_deterministic,8351,0.875,0.01971830985915493
fixed_0.1,half_or_deterministic,8351,0.925,0.08374864572047669
fixed_0.1,half_or_deterministic,8351,0.975,0.23141928494041167
fixed_0.3,half_or_deterministic,8351,0.325,0.04785304785304783
fixed_0.3,half_or_deterministic,8351,0.375,0.02129402129402129
fixed_0.3,half_or_deterministic,8351,0.425,0.010647010647010643
fixed_0.3,half_or_deterministic,8351,0.475,0.18088218088218083
fixed_0.3,half_or_deterministic,8351,0.525,0.13291213291213283
fixed_0.3,half_or_deterministic,8351,0.575,0.04785304785304783
fixed_0.3,half_or_deterministic,8351,0.625,0.10108810108810104
fixed_0.3,half_or_deterministic,8351,0.675,0.03194103194103194
fixed_0.3,half_or_deterministic,8351,0.725,0.03194103194103194
fixed_0.3,half_or_deterministic,8351,0.775,0.02129402129402129
fixed_0.3,half_or_deterministic,8351,0.825,0.010647010647010643
fixed_0.3,half_or_deterministic,8351,0.875,0.02129402129402129
fixed_0.3,half_or_deterministic,8351,0.925,0.09044109044109039
fixed_0.3,half_or_deterministic,8351,0.975,0.24991224991224983
prior,rare_deterministic,8351,0.975,0.2546254625462546
prior,rare_deterministic,8351,0.925,0.0318031803180318
prior,rare_deterministic,8351,0.875,0.04540454045404542
prior,rare_deterministic,8351,0.825,0.009100910091009098
prior,rare_deterministic,8351,0.775,0.022702270227022706
prior,rare_deterministic,8351,0.725,0.018201820182018196
prior,rare_deterministic,8351,0.675,0.013601360136013605
prior,rare_deterministic,8351,0.625,0.018201820182018196
prior,rare_deterministic,8351,0.575,0.0046004600460046
prior,rare_deterministic,8351,0.525,0.05000500050005001
prior,rare_deterministic,8351,0.475,0.15911591159115906
prior,rare_deterministic,8351,0.425,0.013601360136013605
prior,rare_deterministic,8351,0.375,0.022702270227022706
prior,rare_deterministic,8351,0.325,0.013601360136013605
prior,rare_deterministic,8351,0.275,0.013601360136013605
prior,rare_deterministic,8351,0.225,0.009100910091009098
prior,rare_deterministic,8351,0.175,0.009100910091009098
prior,rare_deterministic,8351,0.125,0.009100910091009098
prior,rare_deterministic,8351,0.075,0.05000500050005001
prior,rare_deterministic,8351,0.025,0.2318231823182318
literal,rare_deterministic,8351,0.025,0.011310539197507958
literal,rare_deterministic,8351,0.075,0.006831214355699381
literal,rare_deterministic,8351,0.125,0.0021313388789782057
literal,rare_deterministic,8351,0.175,0.0030193967452191235
literal,rare_deterministic,8351,0.225,0.003907454611460039
literal,rare_deterministic,8351,0.275,0.007166919746893748
literal,rare_deterministic,8351,0.325,0.008494127107429632
literal,rare_deterministic,8351,0.375,0.0163929626781483
literal,rare_deterministic,8351,0.425,0.011148541828501382
literal,rare_deterministic,8351,0.475,0.14594791882175204
literal,rare_deterministic,8351,0.525,0.050746163785195406
literal,rare_deterministic,8351,0.575,0.005117555440183934
literal,rare_deterministic,8351,0.625,0.022023835082774796
literal,rare_deterministic,8351,0.675,0.01778457863118079
literal,rare_deterministic,8351,0.725,0.02557606654773847
literal,rare_deterministic,8351,0.775,0.03411508449236272
literal,rare_deterministic,8351,0.825,0.01456414900635107
literal,rare_deterministic,8351,0.875,0.07709122989183262
literal,rare_deterministic,8351,0.925,0.057101144911526
literal,rare_deterministic,8351,0.975,0.4795297782392643
pragmatic_unlifted,rare_deterministic,8351,0.025,0.0003909000966118794
pragmatic_unlifted,rare_deterministic,8351,0.075,0.0006607623013523083
pragmatic_unlifted,rare_deterministic,8351,0.125,0.0003530645622341784
pragmatic_unlifted,rare_deterministic,8351,0.175,0.0007075149400534613
pragmatic_unlifted,rare_deterministic,8351,0.225,0.001182511432410968
pragmatic_unlifted,rare_deterministic,8351,0.275,0.002655123220238082
pragmatic_unlifted,rare_deterministic,8351,0.325,0.0037182268842574505
pragmatic_unlifted,rare_deterministic,8351,0.375,0.008267729333220293
pragmatic_unlifted,rare_deterministic,8351,0.425,0.006356789612994148
pragmatic_unlifted,rare_deterministic,8351,0.475,0.09270342250178126
pragmatic_unlifted,rare_deterministic,8351,0.525,0.035483392785277366
pragmatic_unlifted,rare_deterministic,8351,0.575,0.0039009180275334913
pragmatic_unlifted,rare_deterministic,8351,0.625,0.01815183826596778
pragmatic_unlifted,rare_deterministic,8351,0.675,0.015738392560311818
pragmatic_unlifted,rare_deterministic,8351,0.725,0.024155590021043685
pragmatic_unlifted,rare_deterministic,8351,0.775,0.03420625593393987
pragmatic_unlifted,rare_deterministic,8351,0.825,0.015431075737557498
pragmatic_unlifted,rare_deterministic,8351,0.875,0.08595413493728622
pragmatic_unlifted,rare_deterministic,8351,0.925,0.06674851754320574
pragmatic_unlifted,rare_deterministic,8351,0.975,0.5832338393027225
fixed_0.05,rare_deterministic,8351,0.075,0.06509569066527796
fixed_0.05,rare_deterministic,8351,0.125,0.011847415701080579
fixed_0.05,rare_deterministic,8351,0.175,0.011847415701080579
fixed_0.05,rare_deterministic,8351,0.225,0.011847415701080579
fixed_0.05,rare_deterministic,8351,0.275,0.0177060278609556
fixed_0.05,rare_deterministic,8351,0.325,0.0177060278609556
fixed_0.05,rare_deterministic,8351,0.375,0.029553443562036198
fixed_0.05,rare_deterministic,8351,0.425,0.0177060278609556
fixed_0.05,rare_deterministic,8351,0.475,0.20713448769691442
fixed_0.05,rare_deterministic,8351,0.525,0.06509569066527796
fixed_0.05,rare_deterministic,8351,0.575,0.005988803541205569
fixed_0.05,rare_deterministic,8351,0.625,0.023694831402161172
fixed_0.05,rare_deterministic,8351,0.675,0.0177060278609556
fixed_0.05,rare_deterministic,8351,0.725,0.023694831402161172
fixed_0.05,rare_deterministic,8351,0.775,0.029553443562036198
fixed_0.05,rare_deterministic,8351,0.825,0.011847415701080579
fixed_0.05,rare_deterministic,8351,0.875,0.0591068871240724
fixed_0.05,rare_deterministic,8351,0.925,0.041400859263116783
fixed_0.05,rare_deterministic,8351,0.975,0.3314672568675953
fixed_0.1,rare_deterministic,8351,0.125,0.012672329759086477
fixed_0.1,rare_deterministic,8351,0.175,0.012672329759086477
fixed_0.1,rare_deterministic,8351,0.225,0.012672329759086477
fixed_0.1,rare_deterministic,8351,0.275,0.01893886645314024
fixed_0.1,rare_deterministic,8351,0.325,0.01893886645314024
fixed_0.1,rare_deterministic,8351,0.375,0.03161119621222672
fixed_0.1,rare_deterministic,8351,0.425,0.01893886645314024
fixed_0.1,rare_deterministic,8351,0.475,0.2215568862275449
fixed_0.1,rare_deterministic,8351,0.525,0.06962818548948617
fixed_0.1,rare_deterministic,8351,0.575,0.0064057930650327265
fixed_0.1,rare_deterministic,8351,0.625,0.025344659518172954
fixed_0.1,rare_deterministic,8351,0.675,0.01893886645314024
fixed_0.1,rare_deterministic,8351,0.725,0.025344659518172954
fixed_0.1,rare_deterministic,8351,0.775,0.03161119621222672
fixed_0.1,rare_deterministic,8351,0.825,0.012672329759086477
fixed_0.1,rare_deterministic,8351,0.875,0.06322239242445345
fixed_0.1,rare_deterministic,8351,0.925,0.0442835259713132
fixed_0.1,rare_deterministic,8351,0.975,0.3545467205124635
fixed_0.3,rare_deterministic,8351,0.325,0.02008269344359126
fixed_0.3,rare_deterministic,8351,0.375,0.0335203780271707
fixed_0.3,rare_deterministic,8351,0.425,0.02008269344359126
fixed_0.3,rare_deterministic,8351,0.475,0.2349379799173065
fixed_0.3,rare_deterministic,8351,0.525,0.07383343177790905
fixed_0.3,rare_deterministic,8351,0.575,0.006792675723567629
fixed_0.3,rare_deterministic,8351,0.625,0.026875369167158873
fixed_0.3,rare_deterministic,8351,0.675,0.02008269344359126
fixed_0.3,rare_deterministic,8351,0.725,0.026875369167158873
fixed_0.3,rare_deterministic,8351,0.775,0.0335203780271707
fixed_0.3,rare_deterministic,8351,0.825,0.013437684583579437
fixed_0.3,rare_deterministic,8351,0.875,0.0670407560543414
fixed_0.3,rare_deterministic,8351,0.925,0.04695806261075014
fixed_0.3,rare_deterministic,8351,0.975,0.3759598346131128
prior,rare_half,8351,0.975,0.00459816073570572
prior,rare_half,8351,0.925,0.00459816073570572
prior,rare_half,8351,0.875,0.00459816073570572
prior,rare_half,8351,0.825,0.00459816073570572
prior,rare_half,8351,0.775,0.00459816073570572
prior,rare_half,8351,0.725,0.00459816073570572
prior,rare_half,8351,0.675,0.009096361455417834
prior,rare_half,8351,0.625,0.00459816073570572
prior,rare_half,8351,0.575,0.03638544582167133
prior,rare_half,8351,0.525,0.08636545381847262
prior,rare_half,8351,0.475,0.15903638544582172
prior,rare_half,8351,0.425,0.0817672930827669
prior,rare_half,8351,0.375,0.04088364654138345
prior,rare_half,8351,0.325,0.04538184726109556
prior,rare_half,8351,0.275,0.018192722910835672
prior,rare_half,8351,0.225,0.031787285085965615
prior,rare_half,8351,0.175,0.04088364654138345
prior,rare_half,8351,0.125,0.027289084366253498
prior,rare_half,8351,0.075,0.07267093162734906
prior,rare_half,8351,0.025,0.3180727708916433
literal,rare_half,8351,0.025,0.029256972206795823
literal,rare_half,8351,0.075,0.018716371032103593
literal,rare_half,8351,0.125,0.012048502947764068
literal,rare_half,8351,0.175,0.025571807385776423
literal,rare_half,8351,0.225,0.025729953181488876
literal,rare_half,8351,0.275,0.018072754421646107
literal,rare_half,8351,0.325,0.053431212095578884
literal,rare_half,8351,0.375,0.05565628666316047
literal,rare_half,8351,0.425,0.12635481296501289
literal,rare_half,8351,0.475,0.27501553874388096
literal,rare_half,8351,0.525,0.16523661185505029
literal,rare_half,8351,0.575,0.07630718533583906
literal,rare_half,8351,0.625,0.010489111845855669
literal,rare_half,8351,0.675,0.022423602708338715
literal,rare_half,8351,0.725,0.012180904079058185
literal,rare_half,8351,0.775,0.013026800195659462
literal,rare_half,8351,0.825,0.013872696312260738
literal,rare_half,8351,0.875,0.014718592428861999
literal,rare_half,8351,0.925,0.015564488545463266
literal,rare_half,8351,0.975,0.016325795050404386
pragmatic_unlifted,rare_half,8351,0.025,0.0017564803854554195
pragmatic_unlifted,rare_half,8351,0.075,0.003141286684762094
pragmatic_unlifted,rare_half,8351,0.125,0.003454471238006124
pragmatic_unlifted,rare_half,8351,0.175,0.01033158211861841
pragmatic_unlifted,rare_half,8351,0.225,0.01335764346632062
pragmatic_unlifted,rare_half,8351,0.275,0.011413187811763658
pragmatic_unlifted,rare_half,8351,0.325,0.03957070481081095
pragmatic_unlifted,rare_half,8351,0.375,0.04708011458247831
pragmatic_unlifted,rare_half,8351,0.425,0.11966436487683214
pragmatic_unlifted,rare_half,8351,0.475,0.2870249157288129
pragmatic_unlifted,rare_half,8351,0.525,0.18762239258433464
pragmatic_unlifted,rare_half,8351,0.575,0.0932671249511131
pragmatic_unlifted,rare_half,8351,0.625,0.013676307369044008
pragmatic_unlifted,rare_half,8351,0.675,0.030948577479914918
pragmatic_unlifted,rare_half,8351,0.725,0.01767673001549964
pragmatic_unlifted,rare_half,8351,0.775,0.019760170585900946
pragmatic_unlifted,rare_half,8351,0.825,0.021882020993002627
pragmatic_unlifted,rare_half,8351,0.875,0.024030436388826244
pragmatic_unlifted,rare_half,8351,0.925,0.026194441842046858
pragmatic_unlifted,rare_half,8351,0.975,0.02814704608645676
fixed_0.05,rare_half,8351,0.075,0.10656698915274114
fixed_0.05,rare_half,8351,0.125,0.04001759014951628
fixed_0.05,rare_half,8351,0.175,0.05995309293462329
fixed_0.05,rare_half,8351,0.225,0.04661389621811787
fixed_0.05,rare_half,8351,0.275,0.026678393433010858
fixed_0.05,rare_half,8351,0.325,0.06654939900322487
fixed_0.05,rare_half,8351,0.375,0.05995309293462329
fixed_0.05,rare_half,8351,0.425,0.11990618586924659
fixed_0.05,rare_half,8351,0.475,0.23321606566989164
fixed_0.05,rare_half,8351,0.525,0.12664907651715043
fixed_0.05,rare_half,8351,0.575,0.0533567868660217
fixed_0.05,rare_half,8351,0.625,0.006742890647903848
fixed_0.05,rare_half,8351,0.675,0.013339196716505434
fixed_0.05,rare_half,8351,0.725,0.006742890647903848
fixed_0.05,rare_half,8351,0.775,0.006742890647903848
fixed_0.05,rare_half,8351,0.825,0.006742890647903848
fixed_0.05,rare_half,8351,0.875,0.006742890647903848
fixed_0.05,rare_half,8351,0.925,0.006742890647903848
fixed_0.05,rare_half,8351,0.975,0.006742890647903848
fixed_0.1,rare_half,8351,0.125,0.04479081214109923
fixed_0.1,rare_half,8351,0.175,0.067104183757178
fixed_0.1,rare_half,8351,0.225,0.05217391304347823
fixed_0.1,rare_half,8351,0.275,0.02986054142739951
fixed_0.1,rare_half,8351,0.325,0.074487284659557
fixed_0.1,rare_half,8351,0.375,0.067104183757178
fixed_0.1,rare_half,8351,0.425,0.134208367514356
fixed_0.1,rare_half,8351,0.475,0.261033634126333
fixed_0.1,rare_half,8351,0.525,0.14175553732567672
fixed_0.1,rare_half,8351,0.575,0.05972108285479897
fixed_0.1,rare_half,8351,0.625,0.0075471698113207565
fixed_0.1,rare_half,8351,0.675,0.014930270713699753
fixed_0.1,rare_half,8351,0.725,0.0075471698113207565
fixed_0.1,rare_half,8351,0.775,0.0075471698113207565
fixed_0.1,rare_half,8351,0.825,0.0075471698113207565
fixed_0.1,rare_half,8351,0.875,0.0075471698113207565
fixed_0.1,rare_half,8351,0.925,0.0075471698113207565
fixed_0.1,rare_half,8351,0.975,0.0075471698113207565
fixed_0.3,rare_half,8351,0.325,0.09240789741502134
fixed_0.3,rare_half,8351,0.375,0.08324852432322408
fixed_0.3,rare_half,8351,0.425,0.16649704864644815
fixed_0.3,rare_half,8351,0.475,0.32383472420109916
fixed_0.3,rare_half,8351,0.525,0.1758599633625076
fixed_0.3,rare_half,8351,0.575,0.0740891512314268
fixed_0.3,rare_half,8351,0.625,0.00936291471605944
fixed_0.3,rare_half,8351,0.675,0.018522287807856704
fixed_0.3,rare_half,8351,0.725,0.00936291471605944
fixed_0.3,rare_half,8351,0.775,0.00936291471605944
fixed_0.3,rare_half,8351,0.825,0.00936291471605944
fixed_0.3,rare_half,8351,0.875,0.00936291471605944
fixed_0.3,rare_half,8351,0.925,0.00936291471605944
fixed_0.3,rare_half,8351,0.975,0.00936291471605944
prior,rare_strong,8351,0.975,0.004598620413875837
prior,rare_strong,8351,0.925,0.004598620413875837
prior,rare_strong,8351,0.875,0.013595921223632913
prior,rare_strong,8351,0.825,0.022693192042387286
prior,rare_strong,8351,0.775,0.08177546735979205
prior,rare_strong,8351,0.725,0.20453863840847744
prior,rare_strong,8351,0.675,0.09087273817854642
prior,rare_strong,8351,0.625,0.05458362491252624
prior,rare_strong,8351,0.575,0.027291812456263116
prior,rare_strong,8351,0.525,0.009097270818754378
prior,rare_strong,8351,0.475,0.004598620413875837
prior,rare_strong,8351,0.425,0.004598620413875837
prior,rare_strong,8351,0.375,0.004598620413875837
prior,rare_strong,8351,0.325,0.022693192042387286
prior,rare_strong,8351,0.275,0.10906727981605518
prior,rare_strong,8351,0.225,0.013595921223632913
prior,rare_strong,8351,0.175,0.004598620413875837
prior,rare_strong,8351,0.125,0.022693192042387286
prior,rare_strong,8351,0.075,0.004598620413875837
prior,rare_strong,8351,0.025,0.2953114065780267
literal,rare_strong,8351,0.025,0.017533862791884795
literal,rare_strong,8351,0.075,0.0007645096572764926
literal,rare_strong,8351,0.125,0.006467466790127854
literal,rare_strong,8351,0.175,0.0018566663105286263
literal,rare_strong,8351,0.225,0.007103766753326921
literal,rare_strong,8351,0.275,0.06993838811923497
literal,rare_strong,8351,0.325,0.017246578107007606
literal,rare_strong,8351,0.375,0.004040979617032894
literal,rare_strong,8351,0.425,0.004587057943658957
literal,rare_strong,8351,0.475,0.005133136270285029
literal,rare_strong,8351,0.525,0.011234968006932834
literal,rare_strong,8351,0.575,0.03694576017664447
literal,rare_strong,8351,0.625,0.08037323266498098
literal,rare_strong,8351,0.675,0.14459916663698857
literal,rare_strong,8351,0.725,0.3497560454432138
literal,rare_strong,8351,0.775,0.14954473687334544
literal,rare_strong,8351,0.825,0.044194356399207005
literal,rare_strong,8351,0.875,0.028092168524520116
literal,rare_strong,8351,0.925,0.010047841209919642
literal,rare_strong,8351,0.975,0.010539311703883093
pragmatic_unlifted,rare_strong,8351,0.025,0.0007224064069297125
pragmatic_unlifted,rare_strong,8351,0.075,0.00008813714460864563
pragmatic_unlifted,rare_strong,8351,0.125,0.0012763168320602037
pragmatic_unlifted,rare_strong,8351,0.175,0.0005179150408398862
pragmatic_unlifted,rare_strong,8351,0.225,0.002556758199410663
pragmatic_unlifted,rare_strong,8351,0.275,0.030777475713114875
pragmatic_unlifted,rare_strong,8351,0.325,0.008954850275723911
pragmatic_unlifted,rare_strong,8351,0.375,0.002413383945815915
pragmatic_unlifted,rare_strong,8351,0.425,0.003091291957924098
pragmatic_unlifted,rare_strong,8351,0.475,0.0038454495621501683
pragmatic_unlifted,rare_strong,8351,0.525,0.009243774075867323
pragmatic_unlifted,rare_strong,8351,0.575,0.03305413103122459
pragmatic_unlifted,rare_strong,8351,0.625,0.07753776487332707
pragmatic_unlifted,rare_strong,8351,0.675,0.1493461540547313
pragmatic_unlifted,rare_strong,8351,0.725,0.38434567942228637
pragmatic_unlifted,rare_strong,8351,0.775,0.1738973398166581
pragmatic_unlifted,rare_strong,8351,0.825,0.05412068378947724
pragmatic_unlifted,rare_strong,8351,0.875,0.03607384046817379
pragmatic_unlifted,rare_strong,8351,0.925,0.013477726353347198
pragmatic_unlifted,rare_strong,8351,0.975,0.014658921036328822
fixed_0.05,rare_strong,8351,0.075,0.006525748333096896
fixed_0.05,rare_strong,8351,0.125,0.0322031493828912
fixed_0.05,rare_strong,8351,0.175,0.006525748333096896
fixed_0.05,rare_strong,8351,0.225,0.019293516810895167
fixed_0.05,rare_strong,8351,0.275,0.1547737267697546
fixed_0.05,rare_strong,8351,0.325,0.0322031493828912
fixed_0.05,rare_strong,8351,0.375,0.006525748333096896
fixed_0.05,rare_strong,8351,0.425,0.006525748333096896
fixed_0.05,rare_strong,8351,0.475,0.006525748333096896
fixed_0.05,rare_strong,8351,0.525,0.01290963257199604
fixed_0.05,rare_strong,8351,0.575,0.03872889771598808
fixed_0.05,rare_strong,8351,0.625,0.07745779543197617
fixed_0.05,rare_strong,8351,0.675,0.12895446162576252
fixed_0.05,rare_strong,8351,0.725,0.290253936728614
fixed_0.05,rare_strong,8351,0.775,0.1160448290537665
fixed_0.05,rare_strong,8351,0.825,0.0322031493828912
fixed_0.05,rare_strong,8351,0.875,0.019293516810895167
fixed_0.05,rare_strong,8351,0.925,0.006525748333096896
fixed_0.05,rare_strong,8351,0.975,0.006525748333096896
fixed_0.1,rare_strong,8351,0.125,0.03241467942310438
fixed_0.1,rare_strong,8351,0.175,0.006568613451377982
fixed_0.1,rare_strong,8351,0.225,0.019420248464943595
fixed_0.1,rare_strong,8351,0.275,0.15579037555333428
fixed_0.1,rare_strong,8351,0.325,0.03241467942310438
fixed_0.1,rare_strong,8351,0.375,0.006568613451377982
fixed_0.1,rare_strong,8351,0.425,0.006568613451377982
fixed_0.1,rare_strong,8351,0.475,0.006568613451377982
fixed_0.1,rare_strong,8351,0.525,0.012994430958160797
fixed_0.1,rare_strong,8351,0.575,0.03898329287448235
fixed_0.1,rare_strong,8351,0.625,0.07796658574896471
fixed_0.1,rare_strong,8351,0.675,0.12980151363701267
fixed_0.1,rare_strong,8351,0.725,0.2921605026417249
fixed_0.1,rare_strong,8351,0.775,0.11680708267885188
fixed_0.1,rare_strong,8351,0.825,0.03241467942310438
fixed_0.1,rare_strong,8351,0.875,0.019420248464943595
fixed_0.1,rare_strong,8351,0.925,0.006568613451377982
fixed_0.1,rare_strong,8351,0.975,0.006568613451377982
fixed_0.3,rare_strong,8351,0.325,0.041250227148827937
fixed_0.3,rare_strong,8351,0.375,0.008359076867163369
fixed_0.3,rare_strong,8351,0.425,0.008359076867163369
fixed_0.3,rare_strong,8351,0.475,0.008359076867163369
fixed_0.3,rare_strong,8351,0.525,0.016536434671997106
fixed_0.3,rare_strong,8351,0.575,0.04960930401599129
fixed_0.3,rare_strong,8351,0.625,0.0992186080319826
fixed_0.3,rare_strong,8351,0.675,0.1651826276576413
fixed_0.3,rare_strong,8351,0.725,0.3717972015264402
fixed_0.3,rare_strong,8351,0.775,0.14864619298564422
fixed_0.3,rare_strong,8351,0.825,0.041250227148827937
fixed_0.3,rare_strong,8351,0.875,0.024713792476830837
fixed_0.3,rare_strong,8351,0.925,0.008359076867163369
fixed_0.3,rare_strong,8351,0.975,0.008359076867163369
prior,rare_weak,8351,0.975,0.004597701149425287
prior,rare_weak,8351,0.925,0.004597701149425287
prior,rare_weak,8351,0.875,0.031784107946026985
prior,rare_weak,8351,0.825,0.018190904547726133
prior,rare_weak,8351,0.775,0.004597701149425287
prior,rare_weak,8351,0.725,0.004597701149425287
prior,rare_weak,8351,0.675,0.009095452273863065
prior,rare_weak,8351,0.625,0.009095452273863065
prior,rare_weak,8351,0.575,0.004597701149425287
prior,rare_weak,8351,0.525,0.004597701149425287
prior,rare_weak,8351,0.475,0.009095452273863065
prior,rare_weak,8351,0.425,0.004597701149425287
prior,rare_weak,8351,0.375,0.031784107946026985
prior,rare_weak,8351,0.325,0.0590704647676162
prior,rare_weak,8351,0.275,0.09995002498750626
prior,rare_weak,8351,0.225,0.05457271364317841
prior,rare_weak,8351,0.175,0.11814092953523236
prior,rare_weak,8351,0.125,0.0590704647676162
prior,rare_weak,8351,0.075,0.06356821589205398
prior,rare_weak,8351,0.025,0.40439780109945034
literal,rare_weak,8351,0.025,0.05253999584458757
literal,rare_weak,8351,0.075,0.023124870143361724
literal,rare_weak,8351,0.125,0.03683773114481614
literal,rare_weak,8351,0.175,0.10437357157697902
literal,rare_weak,8351,0.225,0.062393517556617484
literal,rare_weak,8351,0.275,0.1402451693330563
literal,rare_weak,8351,0.325,0.09823394971950969
literal,rare_weak,8351,0.375,0.06111572823602743
literal,rare_weak,8351,0.425,0.0100353210056098
literal,rare_weak,8351,0.475,0.02221587367546227
literal,rare_weak,8351,0.525,0.01242468314980262
literal,rare_weak,8351,0.575,0.01361936422189902
literal,rare_weak,8351,0.625,0.029306046125077923
literal,rare_weak,8351,0.675,0.031669436941616474
literal,rare_weak,8351,0.725,0.017203407438188233
literal,rare_weak,8351,0.775,0.01839808851028466
literal,rare_weak,8351,0.825,0.07751921878246412
literal,rare_weak,8351,0.875,0.14370455017660513
literal,rare_weak,8351,0.925,0.021982131726573897
literal,rare_weak,8351,0.975,0.02305734469146064
pragmatic_unlifted,rare_weak,8351,0.025,0.0038030145058842698
pragmatic_unlifted,rare_weak,8351,0.075,0.004672055551366512
pragmatic_unlifted,rare_weak,8351,0.125,0.012670148079890484
pragmatic_unlifted,rare_weak,8351,0.175,0.05032375610287505
pragmatic_unlifted,rare_weak,8351,0.225,0.03839012205452244
pragmatic_unlifted,rare_weak,8351,0.275,0.10408624251340332
pragmatic_unlifted,rare_weak,8351,0.325,0.08465897486484059
pragmatic_unlifted,rare_weak,8351,0.375,0.05949164967085674
pragmatic_unlifted,rare_weak,8351,0.425,0.010802737571414575
pragmatic_unlifted,rare_weak,8351,0.475,0.026006114320697934
pragmatic_unlifted,rare_weak,8351,0.525,0.015601712928759398
pragmatic_unlifted,rare_weak,8351,0.575,0.018138157530802376
pragmatic_unlifted,rare_weak,8351,0.625,0.04100109170121419
pragmatic_unlifted,rare_weak,8351,0.675,0.04616892074312383
pragmatic_unlifted,rare_weak,8351,0.725,0.025951625231104922
pragmatic_unlifted,rare_weak,8351,0.775,0.028546044456608292
pragmatic_unlifted,rare_weak,8351,0.825,0.12306484535744844
pragmatic_unlifted,rare_weak,8351,0.875,0.2323633668057067
pragmatic_unlifted,rare_weak,8351,0.925,0.036058770156763495
pragmatic_unlifted,rare_weak,8351,0.975,0.038200649852716144
fixed_0.05,rare_weak,8351,0.075,0.10672931699949653
fixed_0.05,rare_weak,8351,0.125,0.09917771438160763
fixed_0.05,rare_weak,8351,0.175,0.19835542876321524
fixed_0.05,rare_weak,8351,0.225,0.09162611176371871
fixed_0.05,rare_weak,8351,0.275,0.16781339150864238
fixed_0.05,rare_weak,8351,0.325,0.09917771438160763
fixed_0.05,rare_weak,8351,0.375,0.05336465849974826
fixed_0.05,rare_weak,8351,0.425,0.007719416009397547
fixed_0.05,rare_weak,8351,0.475,0.015271018627286446
fixed_0.05,rare_weak,8351,0.525,0.007719416009397547
fixed_0.05,rare_weak,8351,0.575,0.007719416009397547
fixed_0.05,rare_weak,8351,0.625,0.015271018627286446
fixed_0.05,rare_weak,8351,0.675,0.015271018627286446
fixed_0.05,rare_weak,8351,0.725,0.007719416009397547
fixed_0.05,rare_weak,8351,0.775,0.007719416009397547
fixed_0.05,rare_weak,8351,0.825,0.030542037254572895
fixed_0.05,rare_weak,8351,0.875,0.05336465849974826
fixed_0.05,rare_weak,8351,0.925,0.007719416009397547
fixed_0.05,rare_weak,8351,0.975,0.007719416009397547
fixed_0.1,rare_weak,8351,0.125,0.1110276160060117
fixed_0.1,rare_weak,8351,0.175,0.22205523201202332
fixed_0.1,rare_weak,8351,0.225,0.10257373661469099
fixed_0.1,rare_weak,8351,0.275,0.18786398647379304
fixed_0.1,rare_weak,8351,0.325,0.1110276160060117
fixed_0.1,rare_weak,8351,0.375,0.05974074769866618
fixed_0.1,rare_weak,8351,0.425,0.008641743377794478
fixed_0.1,rare_weak,8351,0.475,0.01709562276911516
fixed_0.1,rare_weak,8351,0.525,0.008641743377794478
fixed_0.1,rare_weak,8351,0.575,0.008641743377794478
fixed_0.1,rare_weak,8351,0.625,0.01709562276911516
fixed_0.1,rare_weak,8351,0.675,0.01709562276911516
fixed_0.1,rare_weak,8351,0.725,0.008641743377794478
fixed_0.1,rare_weak,8351,0.775,0.008641743377794478
fixed_0.1,rare_weak,8351,0.825,0.03419124553823032
fixed_0.1,rare_weak,8351,0.875,0.05974074769866618
fixed_0.1,rare_weak,8351,0.925,0.008641743377794478
fixed_0.1,rare_weak,8351,0.975,0.008641743377794478
fixed_0.3,rare_weak,8351,0.325,0.29491017964071853
fixed_0.3,rare_weak,8351,0.375,0.15868263473053887
fixed_0.3,rare_weak,8351,0.425,0.022954091816367258
fixed_0.3,rare_weak,8351,0.475,0.04540918163672651
fixed_0.3,rare_weak,8351,0.525,0.022954091816367258
fixed_0.3,rare_weak,8351,0.575,0.022954091816367258
fixed_0.3,rare_weak,8351,0.625,0.04540918163672651
fixed_0.3,rare_weak,8351,0.675,0.04540918163672651
fixed_0.3,rare_weak,8351,0.725,0.022954091816367258
fixed_0.3,rare_weak,8351,0.775,0.022954091816367258
fixed_0.3,rare_weak,8351,0.825,0.09081836327345305
fixed_0.3,rare_weak,8351,0.875,0.15868263473053887
fixed_0.3,rare_weak,8351,0.925,0.022954091816367258
fixed_0.3,rare_weak,8351,0.975,0.022954091816367258
prior,strong_or_deterministic,8351,0.975,0.2863141057682694
prior,strong_or_deterministic,8351,0.925,0.0863740877736679
prior,strong_or_deterministic,8351,0.875,0.036389083275017484
prior,strong_or_deterministic,8351,0.825,0.09997000899730077
prior,strong_or_deterministic,8351,0.775,0.10456862941117658
prior,strong_or_deterministic,8351,0.725,0.17264820553833843
prior,strong_or_deterministic,8351,0.675,0.04538638408477456
prior,strong_or_deterministic,8351,0.625,0.049985004498650384
prior,strong_or_deterministic,8351,0.575,0.004598620413875837
prior,strong_or_deterministic,8351,0.525,0.009097270818754378
prior,strong_or_deterministic,8351,0.475,0.009097270818754378
prior,strong_or_deterministic,8351,0.425,0.031790462861141656
prior,strong_or_deterministic,8351,0.375,0.009097270818754378
prior,strong_or_deterministic,8351,0.325,0.013595921223632913
prior,strong_or_deterministic,8351,0.275,0.009097270818754378
prior,strong_or_deterministic,8351,0.225,0.004598620413875837
prior,strong_or_deterministic,8351,0.175,0.013595921223632913
prior,strong_or_deterministic,8351,0.125,0.004598620413875837
prior,strong_or_deterministic,8351,0.075,0.004598620413875837
prior,strong_or_deterministic,8351,0.025,0.004598620413875837
literal,strong_or_deterministic,8351,0.025,0.0001483273830406338
literal,strong_or_deterministic,8351,0.075,0.00041531667251377464
literal,strong_or_deterministic,8351,0.125,0.0007119714385950425
literal,strong_or_deterministic,8351,0.175,0.0029820253007821367
literal,strong_or_deterministic,8351,0.225,0.0013052809707575798
literal,strong_or_deterministic,8351,0.275,0.003169046783746415
literal,strong_or_deterministic,8351,0.325,0.005613224095589906
literal,strong_or_deterministic,8351,0.375,0.004342767814763611
literal,strong_or_deterministic,8351,0.425,0.017226613286006137
literal,strong_or_deterministic,8351,0.475,0.0055164888457807995
literal,strong_or_deterministic,8351,0.525,0.0061033493612894
literal,strong_or_deterministic,8351,0.575,0.0033818643333264533
literal,strong_or_deterministic,8351,0.625,0.039983903254431775
literal,strong_or_deterministic,8351,0.675,0.0392332377159131
literal,strong_or_deterministic,8351,0.725,0.16037930536351824
literal,strong_or_deterministic,8351,0.775,0.10388333986833681
literal,strong_or_deterministic,8351,0.825,0.1057638731246259
literal,strong_or_deterministic,8351,0.875,0.04084549187939824
literal,strong_or_deterministic,8351,0.925,0.10252388715768622
literal,strong_or_deterministic,8351,0.975,0.3564706853498979
pragmatic_unlifted,strong_or_deterministic,8351,0.025,0.000004634503401793309
pragmatic_unlifted,strong_or_deterministic,8351,0.075,0.00003632744339694432
pragmatic_unlifted,strong_or_deterministic,8351,0.125,0.00010671210238652437
pragmatic_unlifted,strong_or_deterministic,8351,0.175,0.0006327672126230484
pragmatic_unlifted,strong_or_deterministic,8351,0.225,0.00035811779643950785
pragmatic_unlifted,strong_or_deterministic,8351,0.275,0.0010658817226064205
pragmatic_unlifted,strong_or_deterministic,8351,0.325,0.0022345936563487735
pragmatic_unlifted,strong_or_deterministic,8351,0.375,0.001995844718055907
pragmatic_unlifted,strong_or_deterministic,8351,0.425,0.008970835394209504
pragmatic_unlifted,strong_or_deterministic,8351,0.475,0.003208286620121437
pragmatic_unlifted,strong_or_deterministic,8351,0.525,0.003918475759217374
pragmatic_unlifted,strong_or_deterministic,8351,0.575,0.0023741845344812168
pragmatic_unlifted,strong_or_deterministic,8351,0.625,0.030451147901722736
pragmatic_unlifted,strong_or_deterministic,8351,0.675,0.03219625609851561
pragmatic_unlifted,strong_or_deterministic,8351,0.725,0.14099832852293495
pragmatic_unlifted,strong_or_deterministic,8351,0.775,0.09734966194110531
pragmatic_unlifted,strong_or_deterministic,8351,0.825,0.1051774361847142
pragmatic_unlifted,strong_or_deterministic,8351,0.875,0.04293566412406562
pragmatic_unlifted,strong_or_deterministic,8351,0.925,0.11351728484689998
pragmatic_unlifted,strong_or_deterministic,8351,0.975,0.41246755891675313
fixed_0.05,strong_or_deterministic,8351,0.075,0.004619865421311643
fixed_0.05,strong_or_deterministic,8351,0.125,0.004619865421311643
fixed_0.05,strong_or_deterministic,8351,0.175,0.013658732549964858
fixed_0.05,strong_or_deterministic,8351,0.225,0.004619865421311643
fixed_0.05,strong_or_deterministic,8351,0.275,0.009139298985638254
fixed_0.05,strong_or_deterministic,8351,0.325,0.013658732549964858
fixed_0.05,strong_or_deterministic,8351,0.375,0.009139298985638254
fixed_0.05,strong_or_deterministic,8351,0.425,0.031937330521241356
fixed_0.05,strong_or_deterministic,8351,0.475,0.009139298985638254
fixed_0.05,strong_or_deterministic,8351,0.525,0.009139298985638254
fixed_0.05,strong_or_deterministic,8351,0.575,0.004619865421311643
fixed_0.05,strong_or_deterministic,8351,0.625,0.05021592849251783
fixed_0.05,strong_or_deterministic,8351,0.675,0.04559606307120618
fixed_0.05,strong_or_deterministic,8351,0.725,0.17344581701315656
fixed_0.05,strong_or_deterministic,8351,0.775,0.10505172240634728
fixed_0.05,strong_or_deterministic,8351,0.825,0.10043185698503566
fixed_0.05,strong_or_deterministic,8351,0.875,0.03655719594255299
fixed_0.05,strong_or_deterministic,8351,0.925,0.0867731244350708
fixed_0.05,strong_or_deterministic,8351,0.975,0.28763683840514204
fixed_0.1,strong_or_deterministic,8351,0.125,0.004641307637978005
fixed_0.1,strong_or_deterministic,8351,0.175,0.013722126929674106
fixed_0.1,strong_or_deterministic,8351,0.225,0.004641307637978005
fixed_0.1,strong_or_deterministic,8351,0.275,0.009181717283826059
fixed_0.1,strong_or_deterministic,8351,0.325,0.013722126929674106
fixed_0.1,strong_or_deterministic,8351,0.375,0.009181717283826059
fixed_0.1,strong_or_deterministic,8351,0.425,0.03208556149732621
fixed_0.1,strong_or_deterministic,8351,0.475,0.009181717283826059
fixed_0.1,strong_or_deterministic,8351,0.525,0.009181717283826059
fixed_0.1,strong_or_deterministic,8351,0.575,0.004641307637978005
fixed_0.1,strong_or_deterministic,8351,0.625,0.050448996064978296
fixed_0.1,strong_or_deterministic,8351,0.675,0.0458076884270003
fixed_0.1,strong_or_deterministic,8351,0.725,0.17425083240843506
fixed_0.1,strong_or_deterministic,8351,0.775,0.10553929976793458
fixed_0.1,strong_or_deterministic,8351,0.825,0.10089799212995659
fixed_0.1,strong_or_deterministic,8351,0.875,0.03672686913530421
fixed_0.1,strong_or_deterministic,8351,0.925,0.08717586520028253
fixed_0.1,strong_or_deterministic,8351,0.975,0.28897184946019566
fixed_0.3,strong_or_deterministic,8351,0.325,0.014178482068390327
fixed_0.3,strong_or_deterministic,8351,0.375,0.00948707256046706
fixed_0.3,strong_or_deterministic,8351,0.425,0.03315262718932445
fixed_0.3,strong_or_deterministic,8351,0.475,0.00948707256046706
fixed_0.3,strong_or_deterministic,8351,0.525,0.00948707256046706
fixed_0.3,strong_or_deterministic,8351,0.575,0.0047956630525437865
fixed_0.3,strong_or_deterministic,8351,0.625,0.05212677231025855
fixed_0.3,strong_or_deterministic,8351,0.675,0.04733110925771477
fixed_0.3,strong_or_deterministic,8351,0.725,0.18004587155963303
fixed_0.3,strong_or_deterministic,8351,0.775,0.10904920767306087
fixed_0.3,strong_or_deterministic,8351,0.825,0.1042535446205171
fixed_0.3,strong_or_deterministic,8351,0.875,0.03794829024186823
fixed_0.3,strong_or_deterministic,8351,0.925,0.0900750625521268
fixed_0.3,strong_or_deterministic,8351,0.975,0.29858215179316094
prior,uniform,8351,0.975,0.009099090090990898
prior,uniform,8351,0.925,0.0181981801819818
prior,uniform,8351,0.875,0.022697730226977308
prior,uniform,8351,0.825,0.04999500049995001
prior,uniform,8351,0.775,0.05459454054594541
prior,uniform,8351,0.725,0.05459454054594541
prior,uniform,8351,0.675,0.06819318068193182
prior,uniform,8351,0.625,0.04999500049995001
prior,uniform,8351,0.575,0.07269273072692733
prior,uniform,8351,0.525,0.05459454054594541
prior,uniform,8351,0.475,0.05909409059094092
prior,uniform,8351,0.425,0.05459454054594541
prior,uniform,8351,0.375,0.06359364063593642
prior,uniform,8351,0.325,0.07729227077292271
prior,uniform,8351,0.275,0.07269273072692733
prior,uniform,8351,0.225,0.027297270272972716
prior,uniform,8351,0.175,0.031796820317968204
prior,uniform,8351,0.125,0.06819318068193182
prior,uniform,8351,0.075,0.04539546045395462
prior,uniform,8351,0.025,0.04539546045395462
literal,uniform,8351,0.025,0.0024853914820049993
literal,uniform,8351,0.075,0.006959096149613998
literal,uniform,8351,0.125,0.017921095937206095
literal,uniform,8351,0.175,0.011837908679928654
literal,uniform,8351,0.225,0.013151772018433523
literal,uniform,8351,0.275,0.042983039119186016
literal,uniform,8351,0.325,0.05416620590209304
literal,uniform,8351,0.375,0.051529720136160015
literal,uniform,8351,0.425,0.05021585679765514
literal,uniform,8351,0.475,0.06082530325608177
literal,uniform,8351,0.525,0.0621720131780493
literal,uniform,8351,0.575,0.09074197147383722
literal,uniform,8351,0.625,0.06788293915608373
literal,uniform,8351,0.675,0.10005945231606739
literal,uniform,8351,0.725,0.08608432593883752
literal,uniform,8351,0.775,0.09206240412903452
literal,uniform,8351,0.825,0.08978066146449773
literal,uniform,8351,0.875,0.04324581178688698
literal,uniform,8351,0.925,0.03666554623320855
literal,uniform,8351,0.975,0.01922948484513381
pragmatic_unlifted,uniform,8351,0.025,0.00011092106452976286
pragmatic_unlifted,uniform,8351,0.075,0.0008691342770109191
pragmatic_unlifted,uniform,8351,0.125,0.0038321440372353745
pragmatic_unlifted,uniform,8351,0.175,0.003579291105080598
pragmatic_unlifted,uniform,8351,0.225,0.005133054344991351
pragmatic_unlifted,uniform,8351,0.275,0.020523263741739524
pragmatic_unlifted,uniform,8351,0.325,0.030535432626455878
pragmatic_unlifted,uniform,8351,0.375,0.033438902280649156
pragmatic_unlifted,uniform,8351,0.425,0.036802713215584294
pragmatic_unlifted,uniform,8351,0.475,0.049602486499624406
pragmatic_unlifted,uniform,8351,0.525,0.055742989434713015
pragmatic_unlifted,uniform,8351,0.575,0.0885706313026057
pragmatic_unlifted,uniform,8351,0.625,0.07153573993179235
pragmatic_unlifted,uniform,8351,0.675,0.11303757675202022
pragmatic_unlifted,uniform,8351,0.725,0.1036159936848442
pragmatic_unlifted,uniform,8351,0.775,0.11743323275368656
pragmatic_unlifted,uniform,8351,0.825,0.12079151818407428
pragmatic_unlifted,uniform,8351,0.875,0.06110908099481012
pragmatic_unlifted,uniform,8351,0.925,0.05420994207505105
pragmatic_unlifted,uniform,8351,0.975,0.029525951693501508
fixed_0.05,uniform,8351,0.075,0.04755420550958416
fixed_0.05,uniform,8351,0.125,0.07143605321043259
fixed_0.05,uniform,8351,0.175,0.033308892845920174
fixed_0.05,uniform,8351,0.225,0.028595370273384314
fixed_0.05,uniform,8351,0.275,0.07614957578296846
fixed_0.05,uniform,8351,0.325,0.08096784330156068
fixed_0.05,uniform,8351,0.375,0.06661778569184036
fixed_0.05,uniform,8351,0.425,0.057190740546768606
fixed_0.05,uniform,8351,0.475,0.06190426311930449
fixed_0.05,uniform,8351,0.525,0.057190740546768606
fixed_0.05,uniform,8351,0.575,0.07614957578296846
fixed_0.05,uniform,8351,0.625,0.05237247302817638
fixed_0.05,uniform,8351,0.675,0.07143605321043259
fixed_0.05,uniform,8351,0.725,0.057190740546768606
fixed_0.05,uniform,8351,0.775,0.057190740546768606
fixed_0.05,uniform,8351,0.825,0.05237247302817638
fixed_0.05,uniform,8351,0.875,0.02377710275479208
fixed_0.05,uniform,8351,0.925,0.019063580182256196
fixed_0.05,uniform,8351,0.975,0.009531790091128096
fixed_0.1,uniform,8351,0.125,0.07500274936764544
fixed_0.1,uniform,8351,0.175,0.03497195645001649
fixed_0.1,uniform,8351,0.225,0.030023094688221716
fixed_0.1,uniform,8351,0.275,0.07995161112944023
fixed_0.1,uniform,8351,0.325,0.08501044759705265
fixed_0.1,uniform,8351,0.375,0.06994391290003299
fixed_0.1,uniform,8351,0.425,0.060046189376443404
fixed_0.1,uniform,8351,0.475,0.06499505113823821
fixed_0.1,uniform,8351,0.525,0.060046189376443404
fixed_0.1,uniform,8351,0.575,0.07995161112944023
fixed_0.1,uniform,8351,0.625,0.05498735290883096
fixed_0.1,uniform,8351,0.675,0.07500274936764544
fixed_0.1,uniform,8351,0.725,0.060046189376443404
fixed_0.1,uniform,8351,0.775,0.060046189376443404
fixed_0.1,uniform,8351,0.825,0.05498735290883096
fixed_0.1,uniform,8351,0.875,0.02496425822060926
fixed_0.1,uniform,8351,0.925,0.020015396458814463
fixed_0.1,uniform,8351,0.975,0.01000769822940723
fixed_0.3,uniform,8351,0.325,0.10898068518257431
fixed_0.3,uniform,8351,0.375,0.08966586775694343
fixed_0.3,uniform,8351,0.425,0.07697730156492313
fixed_0.3,uniform,8351,0.475,0.0833215846609333
fixed_0.3,uniform,8351,0.525,0.07697730156492313
fixed_0.3,uniform,8351,0.575,0.10249541801776398
fixed_0.3,uniform,8351,0.625,0.07049203440011276
fixed_0.3,uniform,8351,0.675,0.09615113492175381
fixed_0.3,uniform,8351,0.725,0.07697730156492313
fixed_0.3,uniform,8351,0.775,0.07697730156492313
fixed_0.3,uniform,8351,0.825,0.07049203440011276
fixed_0.3,uniform,8351,0.875,0.0320033836176512
fixed_0.3,uniform,8351,0.925,0.025659100521641037
fixed_0.3,uniform,8351,0.975,0.012829550260820517
prior,weak_or_deterministic,8351,0.975,0.25907409259074093
prior,weak_or_deterministic,8351,0.925,0.0681931806819318
prior,weak_or_deterministic,8351,0.875,0.027297270272972705
prior,weak_or_deterministic,8351,0.825,0.013598640135986407
prior,weak_or_deterministic,8351,0.775,0.031796820317968204
prior,weak_or_deterministic,8351,0.725,0.031796820317968204
prior,weak_or_deterministic,8351,0.675,0.0363963603639636
prior,weak_or_deterministic,8351,0.625,0.013598640135986407
prior,weak_or_deterministic,8351,0.575,0.004599540045995401
prior,weak_or_deterministic,8351,0.525,0.022697730226977308
prior,weak_or_deterministic,8351,0.475,0.004599540045995401
prior,weak_or_deterministic,8351,0.425,0.022697730226977308
prior,weak_or_deterministic,8351,0.375,0.0181981801819818
prior,weak_or_deterministic,8351,0.325,0.022697730226977308
prior,weak_or_deterministic,8351,0.275,0.06359364063593642
prior,weak_or_deterministic,8351,0.225,0.09999000099990003
prior,weak_or_deterministic,8351,0.175,0.15458454154584542
prior,weak_or_deterministic,8351,0.125,0.0953904609539046
prior,weak_or_deterministic,8351,0.075,0.004599540045995401
prior,weak_or_deterministic,8351,0.025,0.004599540045995401
literal,weak_or_deterministic,8351,0.025,0.00021087781097829867
literal,weak_or_deterministic,8351,0.075,0.0005904578707392359
literal,weak_or_deterministic,8351,0.125,0.020992427652865766
literal,weak_or_deterministic,8351,0.175,0.048193831548970854
literal,weak_or_deterministic,8351,0.225,0.0403418421001963
literal,weak_or_deterministic,8351,0.275,0.031488641479298654
literal,weak_or_deterministic,8351,0.325,0.01332014277344663
literal,weak_or_deterministic,8351,0.375,0.012348271122850986
literal,weak_or_deterministic,8351,0.425,0.017482687390148688
literal,weak_or_deterministic,8351,0.475,0.003964502846392018
literal,weak_or_deterministic,8351,0.525,0.021645232006850798
literal,weak_or_deterministic,8351,0.575,0.004808014090305211
literal,weak_or_deterministic,8351,0.625,0.015461927844947971
literal,weak_or_deterministic,8351,0.675,0.04472076568816304
literal,weak_or_deterministic,8351,0.725,0.04198485530573154
literal,weak_or_deterministic,8351,0.775,0.0449004702575185
literal,weak_or_deterministic,8351,0.825,0.02044964650460861
literal,weak_or_deterministic,8351,0.875,0.04355268598735283
literal,weak_or_deterministic,8351,0.925,0.1150549336697598
literal,weak_or_deterministic,8351,0.975,0.4584877860488743
pragmatic_unlifted,weak_or_deterministic,8351,0.025,0.000007361430985841742
pragmatic_unlifted,weak_or_deterministic,8351,0.075,0.00005769095622522186
pragmatic_unlifted,weak_or_deterministic,8351,0.125,0.003513062590240654
pragmatic_unlifted,weak_or_deterministic,8351,0.175,0.011410503619359892
pragmatic_unlifted,weak_or_deterministic,8351,0.225,0.01233864189162057
pragmatic_unlifted,weak_or_deterministic,8351,0.275,0.011793270947306991
pragmatic_unlifted,weak_or_deterministic,8351,0.325,0.005896679458228916
pragmatic_unlifted,weak_or_deterministic,8351,0.375,0.006300784637786186
pragmatic_unlifted,weak_or_deterministic,8351,0.425,0.010089977058141396
pragmatic_unlifted,weak_or_deterministic,8351,0.475,0.0025502053295426447
pragmatic_unlifted,weak_or_deterministic,8351,0.525,0.015336357717289455
pragmatic_unlifted,weak_or_deterministic,8351,0.575,0.0037160372790739733
pragmatic_unlifted,weak_or_deterministic,8351,0.625,0.012929898899387463
pragmatic_unlifted,weak_or_deterministic,8351,0.675,0.040183205825068014
pragmatic_unlifted,weak_or_deterministic,8351,0.725,0.04029303805562856
pragmatic_unlifted,weak_or_deterministic,8351,0.775,0.04578441210341118
pragmatic_unlifted,weak_or_deterministic,8351,0.825,0.0220534828411193
pragmatic_unlifted,weak_or_deterministic,8351,0.875,0.04947059982659352
pragmatic_unlifted,weak_or_deterministic,8351,0.925,0.13714475717062136
pragmatic_unlifted,weak_or_deterministic,8351,0.975,0.5691300323623691
fixed_0.05,weak_or_deterministic,8351,0.075,0.004620793571069812
fixed_0.05,weak_or_deterministic,8351,0.125,0.09583124058262178
fixed_0.05,weak_or_deterministic,8351,0.175,0.15529884480160722
fixed_0.05,weak_or_deterministic,8351,0.225,0.10045203415369161
fixed_0.05,weak_or_deterministic,8351,0.275,0.06388749372174787
fixed_0.05,weak_or_deterministic,8351,0.325,0.022802611752888
fixed_0.05,weak_or_deterministic,8351,0.375,0.018282270215971858
fixed_0.05,weak_or_deterministic,8351,0.425,0.022802611752888
fixed_0.05,weak_or_deterministic,8351,0.475,0.004620793571069812
fixed_0.05,weak_or_deterministic,8351,0.525,0.022802611752888
fixed_0.05,weak_or_deterministic,8351,0.575,0.004620793571069812
fixed_0.05,weak_or_deterministic,8351,0.625,0.013661476644902056
fixed_0.05,weak_or_deterministic,8351,0.675,0.03656454043194374
fixed_0.05,weak_or_deterministic,8351,0.725,0.03194374686087393
fixed_0.05,weak_or_deterministic,8351,0.775,0.03194374686087393
fixed_0.05,weak_or_deterministic,8351,0.825,0.013661476644902056
fixed_0.05,weak_or_deterministic,8351,0.875,0.027423405323957806
fixed_0.05,weak_or_deterministic,8351,0.925,0.06850828729281766
fixed_0.05,weak_or_deterministic,8351,0.975,0.2602712204922149
fixed_0.1,weak_or_deterministic,8351,0.125,0.09627611262488647
fixed_0.1,weak_or_deterministic,8351,0.175,0.15601977999798164
fixed_0.1,weak_or_deterministic,8351,0.225,0.10091835704914726
fixed_0.1,weak_or_deterministic,8351,0.275,0.06418407508325766
fixed_0.1,weak_or_deterministic,8351,0.325,0.02290846705015643
fixed_0.1,weak_or_deterministic,8351,0.375,0.018367140982944796
fixed_0.1,weak_or_deterministic,8351,0.425,0.02290846705015643
fixed_0.1,weak_or_deterministic,8351,0.475,0.004642244424260775
fixed_0.1,weak_or_deterministic,8351,0.525,0.02290846705015643
fixed_0.1,weak_or_deterministic,8351,0.575,0.004642244424260775
fixed_0.1,weak_or_deterministic,8351,0.625,0.013724896558684035
fixed_0.1,weak_or_deterministic,8351,0.675,0.03673428196588959
fixed_0.1,weak_or_deterministic,8351,0.725,0.03209203754162883
fixed_0.1,weak_or_deterministic,8351,0.775,0.03209203754162883
fixed_0.1,weak_or_deterministic,8351,0.825,0.013724896558684035
fixed_0.1,weak_or_deterministic,8351,0.875,0.0275507114744172
fixed_0.1,weak_or_deterministic,8351,0.925,0.0688263195075184
fixed_0.1,weak_or_deterministic,8351,0.975,0.2614794631143405
fixed_0.3,weak_or_deterministic,8351,0.325,0.03932097696171835
fixed_0.3,weak_or_deterministic,8351,0.375,0.03152606963450545
fixed_0.3,weak_or_deterministic,8351,0.425,0.03932097696171835
fixed_0.3,weak_or_deterministic,8351,0.475,0.007968127490039844
fixed_0.3,weak_or_deterministic,8351,0.525,0.03932097696171835
fixed_0.3,weak_or_deterministic,8351,0.575,0.007968127490039844
fixed_0.3,weak_or_deterministic,8351,0.625,0.023557942144465625
fixed_0.3,weak_or_deterministic,8351,0.675,0.0630521392690109
fixed_0.3,weak_or_deterministic,8351,0.725,0.05508401177897108
fixed_0.3,weak_or_deterministic,8351,0.775,0.05508401177897108
fixed_0.3,weak_or_deterministic,8351,0.825,0.023557942144465625
fixed_0.3,weak_or_deterministic,8351,0.875,0.047289104451758185
fixed_0.3,weak_or_deterministic,8351,0.925,0.11813615104798196
fixed_0.3,weak_or_deterministic,8351,0.975,0.4488134418846354
prior,weak_or_half,8351,0.975,0.004598620413875841
prior,weak_or_half,8351,0.925,0.004598620413875841
prior,weak_or_half,8351,0.875,0.004598620413875841
prior,weak_or_half,8351,0.825,0.004598620413875841
prior,weak_or_half,8351,0.775,0.009097270818754378
prior,weak_or_half,8351,0.725,0.009097270818754378
prior,weak_or_half,8351,0.675,0.022693192042387286
prior,weak_or_half,8351,0.625,0.013595921223632913
prior,weak_or_half,8351,0.575,0.040887733679896024
prior,weak_or_half,8351,0.525,0.05908227531740479
prior,weak_or_half,8351,0.475,0.1363590922723183
prior,weak_or_half,8351,0.425,0.06817954613615916
prior,weak_or_half,8351,0.375,0.0863740877736679
prior,weak_or_half,8351,0.325,0.05908227531740479
prior,weak_or_half,8351,0.275,0.14085774267719683
prior,weak_or_half,8351,0.225,0.10456862941117663
prior,weak_or_half,8351,0.175,0.09537138858342495
prior,weak_or_half,8351,0.125,0.013595921223632913
prior,weak_or_half,8351,0.075,0.004598620413875841
prior,weak_or_half,8351,0.025,0.11816455063480953
literal,weak_or_half,8351,0.025,0.008860463442717327
literal,weak_or_half,8351,0.075,0.0009655056611015165
literal,weak_or_half,8351,0.125,0.004893494530800231
literal,weak_or_half,8351,0.175,0.048629101899827235
literal,weak_or_half,8351,0.225,0.06900067165611204
literal,weak_or_half,8351,0.275,0.11407059585492227
literal,weak_or_half,8351,0.325,0.056706966033390885
literal,weak_or_half,8351,0.375,0.09585492227979273
literal,weak_or_half,8351,0.425,0.08588802533103049
literal,weak_or_half,8351,0.475,0.19222558050278257
literal,weak_or_half,8351,0.525,0.0921488198042602
literal,weak_or_half,8351,0.575,0.06990320955670702
literal,weak_or_half,8351,0.625,0.025283055075801208
literal,weak_or_half,8351,0.675,0.04560365093072356
literal,weak_or_half,8351,0.725,0.019645941278065647
literal,weak_or_half,8351,0.775,0.0210102427557091
literal,weak_or_half,8351,0.825,0.01131020917290349
literal,weak_or_half,8351,0.875,0.011999856073690284
literal,weak_or_half,8351,0.925,0.012689502974477096
literal,weak_or_half,8351,0.975,0.013310185185185201
pragmatic_unlifted,weak_or_half,8351,0.025,0.0005351861543158369
pragmatic_unlifted,weak_or_half,8351,0.075,0.00016311925343722464
pragmatic_unlifted,weak_or_half,8351,0.125,0.0014139724703159866
pragmatic_unlifted,weak_or_half,8351,0.175,0.019835631700932853
pragmatic_unlifted,weak_or_half,8351,0.225,0.03625056302549187
pragmatic_unlifted,weak_or_half,8351,0.275,0.07311377023094927
pragmatic_unlifted,weak_or_half,8351,0.325,0.04277256260453429
pragmatic_unlifted,weak_or_half,8351,0.375,0.08291196915298134
pragmatic_unlifted,weak_or_half,8351,0.425,0.0835454009185467
pragmatic_unlifted,weak_or_half,8351,0.475,0.2070714716516759
pragmatic_unlifted,weak_or_half,8351,0.525,0.10857276684390252
pragmatic_unlifted,weak_or_half,8351,0.575,0.08916168603125837
pragmatic_unlifted,weak_or_half,8351,0.625,0.03460867241262644
pragmatic_unlifted,weak_or_half,8351,0.675,0.06649547371588244
pragmatic_unlifted,weak_or_half,8351,0.725,0.030317391853095992
pragmatic_unlifted,weak_or_half,8351,0.775,0.03412013432385541
pragmatic_unlifted,weak_or_half,8351,0.825,0.019232180460832075
pragmatic_unlifted,weak_or_half,8351,0.875,0.021269942238226234
pragmatic_unlifted,weak_or_half,8351,0.925,0.023351866161804645
pragmatic_unlifted,weak_or_half,8351,0.975,0.02525623879533465
fixed_0.05,weak_or_half,8351,0.075,0.005214828250765227
fixed_0.05,weak_or_half,8351,0.125,0.015417753089218922
fixed_0.05,weak_or_half,8351,0.175,0.10815100328760911
fixed_0.05,weak_or_half,8351,0.225,0.11858065978913955
fixed_0.05,weak_or_half,8351,0.275,0.15973245663756946
fixed_0.05,weak_or_half,8351,0.325,0.06699920643917925
fixed_0.05,weak_or_half,8351,0.375,0.09794807844915543
fixed_0.05,weak_or_half,8351,0.425,0.07731549710917131
fixed_0.05,weak_or_half,8351,0.475,0.15463099421834264
fixed_0.05,weak_or_half,8351,0.525,0.06699920643917925
fixed_0.05,weak_or_half,8351,0.575,0.0463666250991951
fixed_0.05,weak_or_half,8351,0.625,0.015417753089218922
fixed_0.05,weak_or_half,8351,0.675,0.02573404375921098
fixed_0.05,weak_or_half,8351,0.725,0.010316290669992075
fixed_0.05,weak_or_half,8351,0.775,0.010316290669992075
fixed_0.05,weak_or_half,8351,0.825,0.005214828250765227
fixed_0.05,weak_or_half,8351,0.875,0.005214828250765227
fixed_0.05,weak_or_half,8351,0.925,0.005214828250765227
fixed_0.05,weak_or_half,8351,0.975,0.005214828250765227
fixed_0.1,weak_or_half,8351,0.125,0.015498575498575506
fixed_0.1,weak_or_half,8351,0.175,0.10871794871794868
fixed_0.1,weak_or_half,8351,0.225,0.11920227920227916
fixed_0.1,weak_or_half,8351,0.275,0.1605698005698006
fixed_0.1,weak_or_half,8351,0.325,0.06735042735042734
fixed_0.1,weak_or_half,8351,0.375,0.09846153846153843
fixed_0.1,weak_or_half,8351,0.425,0.07772079772079771
fixed_0.1,weak_or_half,8351,0.475,0.15544159544159544
fixed_0.1,weak_or_half,8351,0.525,0.06735042735042734
fixed_0.1,weak_or_half,8351,0.575,0.04660968660968659
fixed_0.1,weak_or_half,8351,0.625,0.015498575498575506
fixed_0.1,weak_or_half,8351,0.675,0.025868945868945867
fixed_0.1,weak_or_half,8351,0.725,0.010370370370370377
fixed_0.1,weak_or_half,8351,0.775,0.010370370370370377
fixed_0.1,weak_or_half,8351,0.825,0.005242165242165248
fixed_0.1,weak_or_half,8351,0.875,0.005242165242165248
fixed_0.1,weak_or_half,8351,0.925,0.005242165242165248
fixed_0.1,weak_or_half,8351,0.975,0.005242165242165248
fixed_0.3,weak_or_half,8351,0.325,0.11300191204588908
fixed_0.3,weak_or_half,8351,0.375,0.1652007648183556
fixed_0.3,weak_or_half,8351,0.425,0.13040152963671126
fixed_0.3,weak_or_half,8351,0.475,0.2608030592734225
fixed_0.3,weak_or_half,8351,0.525,0.11300191204588908
fixed_0.3,weak_or_half,8351,0.575,0.07820267686424473
fixed_0.3,weak_or_half,8351,0.625,0.026003824091778198
fixed_0.3,weak_or_half,8351,0.675,0.04340344168260037
fixed_0.3,weak_or_half,8351,0.725,0.017399617590822182
fixed_0.3,weak_or_half,8351,0.775,0.017399617590822182
fixed_0.3,weak_or_half,8351,0.825,0.008795411089866161
fixed_0.3,weak_or_half,8351,0.875,0.008795411089866161
fixed_0.3,weak_or_half,8351,0.925,0.008795411089866161
fixed_0.3,weak_or_half,8351,0.975,0.008795411089866161
prior,weak_or_strong,8351,0.975,0.004599080183963209
prior,weak_or_strong,8351,0.925,0.004599080183963209
prior,weak_or_strong,8351,0.875,0.004599080183963209
prior,weak_or_strong,8351,0.825,0.054589082183563314
prior,weak_or_strong,8351,0.775,0.04089182163567288
prior,weak_or_strong,8351,0.725,0.08638272345530897
prior,weak_or_strong,8351,0.675,0.0999800039992002
prior,weak_or_strong,8351,0.625,0.04089182163567288
prior,weak_or_strong,8351,0.575,0.04089182163567288
prior,weak_or_strong,8351,0.525,0.02269546090781844
prior,weak_or_strong,8351,0.475,0.04539092181563688
prior,weak_or_strong,8351,0.425,0.07268546290741854
prior,weak_or_strong,8351,0.375,0.054589082183563314
prior,weak_or_strong,8351,0.325,0.0590881823635273
prior,weak_or_strong,8351,0.275,0.06818636272745451
prior,weak_or_strong,8351,0.225,0.14997000599880025
prior,weak_or_strong,8351,0.175,0.07268546290741854
prior,weak_or_strong,8351,0.125,0.0635872825434913
prior,weak_or_strong,8351,0.075,0.004599080183963209
prior,weak_or_strong,8351,0.025,0.009098180363927223
literal,weak_or_strong,8351,0.025,0.0005152170195997619
literal,weak_or_strong,8351,0.075,0.0007292302431258154
literal,weak_or_strong,8351,0.125,0.017284115576199455
literal,weak_or_strong,8351,0.175,0.027989306132894277
literal,weak_or_strong,8351,0.225,0.07473477646941593
literal,weak_or_strong,8351,0.275,0.04170200526993409
literal,weak_or_strong,8351,0.325,0.04282982098756345
literal,weak_or_strong,8351,0.375,0.04575127134045884
literal,weak_or_strong,8351,0.425,0.06915005044597407
literal,weak_or_strong,8351,0.475,0.04832395940316352
literal,weak_or_strong,8351,0.525,0.02673240307409049
literal,weak_or_strong,8351,0.575,0.05279672254034835
literal,weak_or_strong,8351,0.625,0.0574280139912561
literal,weak_or_strong,8351,0.675,0.1517342431348749
literal,weak_or_strong,8351,0.725,0.14088184771543724
literal,weak_or_strong,8351,0.775,0.07132188834397929
literal,weak_or_strong,8351,0.825,0.10139470945723303
literal,weak_or_strong,8351,0.875,0.009063290164563727
literal,weak_or_strong,8351,0.925,0.0095841689096536
literal,weak_or_strong,8351,0.975,0.010052959780234471
pragmatic_unlifted,weak_or_strong,8351,0.025,0.000024241812823211648
pragmatic_unlifted,weak_or_strong,8351,0.075,0.00009601462939915684
pragmatic_unlifted,weak_or_strong,8351,0.125,0.0038960585333680632
pragmatic_unlifted,weak_or_strong,8351,0.175,0.00891985813131576
pragmatic_unlifted,weak_or_strong,8351,0.225,0.030738412923110033
pragmatic_unlifted,weak_or_strong,8351,0.275,0.020978652910534724
pragmatic_unlifted,weak_or_strong,8351,0.325,0.025431899804046587
pragmatic_unlifted,weak_or_strong,8351,0.375,0.031262344882543015
pragmatic_unlifted,weak_or_strong,8351,0.425,0.053346402922625935
pragmatic_unlifted,weak_or_strong,8351,0.475,0.04146557640969638
pragmatic_unlifted,weak_or_strong,8351,0.525,0.025208973743997803
pragmatic_unlifted,weak_or_strong,8351,0.575,0.054176416568946964
pragmatic_unlifted,weak_or_strong,8351,0.625,0.06359058407085949
pragmatic_unlifted,weak_or_strong,8351,0.675,0.18002188816911038
pragmatic_unlifted,weak_or_strong,8351,0.725,0.17798834258578217
pragmatic_unlifted,weak_or_strong,8351,0.775,0.0954353730661171
pragmatic_unlifted,weak_or_strong,8351,0.825,0.1430140979857993
pragmatic_unlifted,weak_or_strong,8351,0.875,0.0134177122145772
pragmatic_unlifted,weak_or_strong,8351,0.925,0.014836000876141963
pragmatic_unlifted,weak_or_strong,8351,0.975,0.0161511477592051
fixed_0.05,weak_or_strong,8351,0.075,0.004641307637978005
fixed_0.05,weak_or_strong,8351,0.125,0.0641711229946524
fixed_0.05,weak_or_strong,8351,0.175,0.07335284027847845
fixed_0.05,weak_or_strong,8351,0.225,0.1513469881949349
fixed_0.05,weak_or_strong,8351,0.275,0.0688124306326304
fixed_0.05,weak_or_strong,8351,0.325,0.059630713348804355
fixed_0.05,weak_or_strong,8351,0.375,0.055090303702956325
fixed_0.05,weak_or_strong,8351,0.425,0.07335284027847845
fixed_0.05,weak_or_strong,8351,0.475,0.0458076884270003
fixed_0.05,weak_or_strong,8351,0.525,0.022903844213500148
fixed_0.05,weak_or_strong,8351,0.575,0.04126727878115226
fixed_0.05,weak_or_strong,8351,0.625,0.04126727878115226
fixed_0.05,weak_or_strong,8351,0.675,0.10089799212995665
fixed_0.05,weak_or_strong,8351,0.725,0.08717586520028253
fixed_0.05,weak_or_strong,8351,0.775,0.04126727878115226
fixed_0.05,weak_or_strong,8351,0.825,0.055090303702956325
fixed_0.05,weak_or_strong,8351,0.875,0.004641307637978005
fixed_0.05,weak_or_strong,8351,0.925,0.004641307637978005
fixed_0.05,weak_or_strong,8351,0.975,0.004641307637978005
fixed_0.1,weak_or_strong,8351,0.125,0.06447034972123669
fixed_0.1,weak_or_strong,8351,0.175,0.07369488089204258
fixed_0.1,weak_or_strong,8351,0.225,0.1520527116066903
fixed_0.1,weak_or_strong,8351,0.275,0.06913329954384187
fixed_0.1,weak_or_strong,8351,0.325,0.05990876837303599
fixed_0.1,weak_or_strong,8351,0.375,0.0553471870248353
fixed_0.1,weak_or_strong,8351,0.425,0.07369488089204258
fixed_0.1,weak_or_strong,8351,0.475,0.046021287379624944
fixed_0.1,weak_or_strong,8351,0.525,0.023010643689812472
fixed_0.1,weak_or_strong,8351,0.575,0.04145970603142424
fixed_0.1,weak_or_strong,8351,0.625,0.04145970603142424
fixed_0.1,weak_or_strong,8351,0.675,0.10136847440446026
fixed_0.1,weak_or_strong,8351,0.725,0.08758236188545365
fixed_0.1,weak_or_strong,8351,0.775,0.04145970603142424
fixed_0.1,weak_or_strong,8351,0.825,0.0553471870248353
fixed_0.1,weak_or_strong,8351,0.875,0.004662949822605169
fixed_0.1,weak_or_strong,8351,0.925,0.004662949822605169
fixed_0.1,weak_or_strong,8351,0.975,0.004662949822605169
fixed_0.3,weak_or_strong,8351,0.325,0.09351265822784809
fixed_0.3,weak_or_strong,8351,0.375,0.08639240506329114
fixed_0.3,weak_or_strong,8351,0.425,0.11503164556962023
fixed_0.3,weak_or_strong,8351,0.475,0.07183544303797468
fixed_0.3,weak_or_strong,8351,0.525,0.03591772151898733
fixed_0.3,weak_or_strong,8351,0.575,0.06471518987341772
fixed_0.3,weak_or_strong,8351,0.625,0.06471518987341772
fixed_0.3,weak_or_strong,8351,0.675,0.1582278481012658
fixed_0.3,weak_or_strong,8351,0.725,0.13670886075949365
fixed_0.3,weak_or_strong,8351,0.775,0.06471518987341772
fixed_0.3,weak_or_strong,8351,0.825,0.08639240506329114
fixed_0.3,weak_or_strong,8351,0.875,0.007278481012658225
fixed_0.3,weak_or_strong,8351,0.925,0.007278481012658225
fixed_0.3,weak_or_strong,8351,0.975,0.007278481012658225
prior,half_or_deterministic,8352,0.975,0.21355728854229156
prior,half_or_deterministic,8352,0.925,0.10457908418316335
prior,half_or_deterministic,8352,0.875,0.02269546090781844
prior,half_or_deterministic,8352,0.825,0.03639272145570886
prior,half_or_deterministic,8352,0.775,0.03639272145570886
prior,half_or_deterministic,8352,0.725,0.03639272145570886
prior,half_or_deterministic,8352,0.675,0.04539092181563688
prior,half_or_deterministic,8352,0.625,0.0772845430913817
prior,half_or_deterministic,8352,0.575,0.03639272145570886
prior,half_or_deterministic,8352,0.525,0.0590881823635273
prior,half_or_deterministic,8352,0.475,0.1772645470905819
prior,half_or_deterministic,8352,0.425,0.02269546090781844
prior,half_or_deterministic,8352,0.375,0.013597280543891218
prior,half_or_deterministic,8352,0.325,0.03179364127174565
prior,half_or_deterministic,8352,0.275,0.013597280543891218
prior,half_or_deterministic,8352,0.225,0.03179364127174565
prior,half_or_deterministic,8352,0.175,0.004599080183963209
prior,half_or_deterministic,8352,0.125,0.004599080183963209
prior,half_or_deterministic,8352,0.075,0.004599080183963209
prior,half_or_deterministic,8352,0.025,0.027294541091781654
literal,half_or_deterministic,8352,0.025,0.0010386665499910583
literal,half_or_deterministic,8352,0.075,0.0004900375517906527
literal,half_or_deterministic,8352,0.125,0.0008400643744982621
literal,half_or_deterministic,8352,0.175,0.001190091197205872
literal,half_or_deterministic,8352,0.225,0.010646902833314948
literal,half_or_deterministic,8352,0.275,0.005588254317314525
literal,half_or_deterministic,8352,0.325,0.015486404121185368
literal,half_or_deterministic,8352,0.375,0.007657978138542129
literal,half_or_deterministic,8352,0.425,0.014509372729105857
literal,half_or_deterministic,8352,0.475,0.12681776157846872
literal,half_or_deterministic,8352,0.525,0.04676967093674026
literal,half_or_deterministic,8352,0.575,0.0315754631197282
literal,half_or_deterministic,8352,0.625,0.07293645871776044
literal,half_or_deterministic,8352,0.675,0.04629180823095685
literal,half_or_deterministic,8352,0.725,0.039884795519656666
literal,half_or_deterministic,8352,0.775,0.0426545729862995
literal,half_or_deterministic,8352,0.825,0.0454243504529423
literal,half_or_deterministic,8352,0.875,0.030055129224576455
literal,half_or_deterministic,8352,0.925,0.14645122262086382
literal,half_or_deterministic,8352,0.975,0.31369099479905804
pragmatic_unlifted,half_or_deterministic,8352,0.025,0.00003574199245550249
pragmatic_unlifted,half_or_deterministic,8352,0.075,0.000047203313758045575
pragmatic_unlifted,half_or_deterministic,8352,0.125,0.00013863658830655284
pragmatic_unlifted,half_or_deterministic,8352,0.175,0.00027798098487782273
pragmatic_unlifted,half_or_deterministic,8352,0.225,0.0032143788624105244
pragmatic_unlifted,half_or_deterministic,8352,0.275,0.002067378432349866
pragmatic_unlifted,half_or_deterministic,8352,0.325,0.006777569986167366
pragmatic_unlifted,half_or_deterministic,8352,0.375,0.003866765752111875
pragmatic_unlifted,half_or_deterministic,8352,0.425,0.008295729426634122
pragmatic_unlifted,half_or_deterministic,8352,0.475,0.08091448694717424
pragmatic_unlifted,half_or_deterministic,8352,0.525,0.032913636388116334
pragmatic_unlifted,half_or_deterministic,8352,0.575,0.024275157680992056
pragmatic_unlifted,half_or_deterministic,8352,0.625,0.06076784567713688
pragmatic_unlifted,half_or_deterministic,8352,0.675,0.041513428973433956
pragmatic_unlifted,half_or_deterministic,8352,0.725,0.03827325771275751
pragmatic_unlifted,half_or_deterministic,8352,0.775,0.0435745744394025
pragmatic_unlifted,half_or_deterministic,8352,0.825,0.04917878233392485
pragmatic_unlifted,half_or_deterministic,8352,0.875,0.03434711969020129
pragmatic_unlifted,half_or_deterministic,8352,0.925,0.17603190797717083
pragmatic_unlifted,half_or_deterministic,8352,0.975,0.39348841684061797
fixed_0.05,half_or_deterministic,8352,0.075,0.004728132387706858
fixed_0.05,half_or_deterministic,8352,0.125,0.004728132387706858
fixed_0.05,half_or_deterministic,8352,0.175,0.004728132387706858
fixed_0.05,half_or_deterministic,8352,0.225,0.03268578476719086
fixed_0.05,half_or_deterministic,8352,0.275,0.013978826189742007
fixed_0.05,half_or_deterministic,8352,0.325,0.03268578476719086
fixed_0.05,half_or_deterministic,8352,0.375,0.013978826189742007
fixed_0.05,half_or_deterministic,8352,0.425,0.023332305478466438
fixed_0.05,half_or_deterministic,8352,0.475,0.1822386679000925
fixed_0.05,half_or_deterministic,8352,0.525,0.06074622263336416
fixed_0.05,half_or_deterministic,8352,0.575,0.037413917154897725
fixed_0.05,half_or_deterministic,8352,0.625,0.07945318121081299
fixed_0.05,half_or_deterministic,8352,0.675,0.046664610956932875
fixed_0.05,half_or_deterministic,8352,0.725,0.037413917154897725
fixed_0.05,half_or_deterministic,8352,0.775,0.037413917154897725
fixed_0.05,half_or_deterministic,8352,0.825,0.037413917154897725
fixed_0.05,half_or_deterministic,8352,0.875,0.023332305478466438
fixed_0.05,half_or_deterministic,8352,0.925,0.10751361907698628
fixed_0.05,half_or_deterministic,8352,0.975,0.21954979956830095
fixed_0.1,half_or_deterministic,8352,0.125,0.0047505938242280304
fixed_0.1,half_or_deterministic,8352,0.175,0.0047505938242280304
fixed_0.1,half_or_deterministic,8352,0.225,0.03284106165444593
fixed_0.1,half_or_deterministic,8352,0.275,0.014045233915108951
fixed_0.1,half_or_deterministic,8352,0.325,0.03284106165444593
fixed_0.1,half_or_deterministic,8352,0.375,0.014045233915108951
fixed_0.1,half_or_deterministic,8352,0.425,0.02344314778477745
fixed_0.1,half_or_deterministic,8352,0.475,0.18310440979035425
fixed_0.1,half_or_deterministic,8352,0.525,0.06103480326345142
fixed_0.1,half_or_deterministic,8352,0.575,0.03759165547867397
fixed_0.1,half_or_deterministic,8352,0.625,0.07983063100278838
fixed_0.1,half_or_deterministic,8352,0.675,0.0468862955695549
fixed_0.1,half_or_deterministic,8352,0.725,0.03759165547867397
fixed_0.1,half_or_deterministic,8352,0.775,0.03759165547867397
fixed_0.1,half_or_deterministic,8352,0.825,0.03759165547867397
fixed_0.1,half_or_deterministic,8352,0.875,0.02344314778477745
fixed_0.1,half_or_deterministic,8352,0.925,0.10802437261179385
fixed_0.1,half_or_deterministic,8352,0.975,0.22059279149024058
fixed_0.3,half_or_deterministic,8352,0.325,0.034803546021670115
fixed_0.3,half_or_deterministic,8352,0.375,0.014884535405494143
fixed_0.3,half_or_deterministic,8352,0.425,0.024844040713582132
fixed_0.3,half_or_deterministic,8352,0.475,0.1940461858378023
fixed_0.3,half_or_deterministic,8352,0.525,0.0646820619459341
fixed_0.3,half_or_deterministic,8352,0.575,0.039838021232351986
fixed_0.3,half_or_deterministic,8352,0.625,0.0846010725621101
fixed_0.3,half_or_deterministic,8352,0.675,0.04968808142716427
fixed_0.3,half_or_deterministic,8352,0.725,0.039838021232351986
fixed_0.3,half_or_deterministic,8352,0.775,0.039838021232351986
fixed_0.3,half_or_deterministic,8352,0.825,0.039838021232351986
fixed_0.3,half_or_deterministic,8352,0.875,0.024844040713582132
fixed_0.3,half_or_deterministic,8352,0.925,0.11447958848637407
fixed_0.3,half_or_deterministic,8352,0.975,0.2337747619568786
prior,rare_deterministic,8352,0.975,0.24090000000000006
prior,rare_deterministic,8352,0.925,0.0954
prior,rare_deterministic,8352,0.875,0.1046
prior,rare_deterministic,8352,0.825,0.018199999999999997
prior,rare_deterministic,8352,0.775,0.022700000000000005
prior,rare_deterministic,8352,0.725,0.013600000000000004
prior,rare_deterministic,8352,0.675,0.018199999999999997
prior,rare_deterministic,8352,0.625,0.022700000000000005
prior,rare_deterministic,8352,0.575,0.009099999999999997
prior,rare_deterministic,8352,0.525,0.0409
prior,rare_deterministic,8352,0.475,0.05
prior,rare_deterministic,8352,0.425,0.013600000000000004
prior,rare_deterministic,8352,0.375,0.013600000000000004
prior,rare_deterministic,8352,0.325,0.009099999999999997
prior,rare_deterministic,8352,0.275,0.009099999999999997
prior,rare_deterministic,8352,0.225,0.004600000000000001
prior,rare_deterministic,8352,0.175,0.0318
prior,rare_deterministic,8352,0.125,0.004600000000000001
prior,rare_deterministic,8352,0.075,0.0409
prior,rare_deterministic,8352,0.025,0.2364
literal,rare_deterministic,8352,0.025,0.010525144141938059
literal,rare_deterministic,8352,0.075,0.005098728879588606
literal,rare_deterministic,8352,0.125,0.0009830591482825396
literal,rare_deterministic,8352,0.175,0.009627568397853998
literal,rare_deterministic,8352,0.225,0.0018022751051846569
literal,rare_deterministic,8352,0.275,0.004375681752409782
literal,rare_deterministic,8352,0.325,0.005185993188041225
literal,rare_deterministic,8352,0.375,0.008961510206807508
literal,rare_deterministic,8352,0.425,0.010172525099619316
literal,rare_deterministic,8352,0.475,0.04185124997217332
literal,rare_deterministic,8352,0.525,0.03787627167694395
literal,rare_deterministic,8352,0.575,0.009237550366198439
literal,rare_deterministic,8352,0.625,0.025064446472696518
literal,rare_deterministic,8352,0.675,0.021716346474922647
literal,rare_deterministic,8352,0.725,0.017438614456490278
literal,rare_deterministic,8352,0.775,0.031128425458026323
literal,rare_deterministic,8352,0.825,0.026578215088711266
literal,rare_deterministic,8352,0.875,0.16206584893479653
literal,rare_deterministic,8352,0.925,0.1563064045769238
literal,rare_deterministic,8352,0.975,0.41400414060239116
pragmatic_unlifted,rare_deterministic,8352,0.025,0.0003385583696464675
pragmatic_unlifted,rare_deterministic,8352,0.075,0.00045905486785580423
pragmatic_unlifted,rare_deterministic,8352,0.125,0.00015160317194317483
pragmatic_unlifted,rare_deterministic,8352,0.175,0.0021007202628412344
pragmatic_unlifted,rare_deterministic,8352,0.225,0.0005080599951625762
pragmatic_unlifted,rare_deterministic,8352,0.275,0.0015106486324662292
pragmatic_unlifted,rare_deterministic,8352,0.325,0.002116576610683783
pragmatic_unlifted,rare_deterministic,8352,0.375,0.00421647837210746
pragmatic_unlifted,rare_deterministic,8352,0.425,0.005414748518322974
pragmatic_unlifted,rare_deterministic,8352,0.475,0.024834765015490208
pragmatic_unlifted,rare_deterministic,8352,0.525,0.024762823969832884
pragmatic_unlifted,rare_deterministic,8352,0.575,0.0065896399050784085
pragmatic_unlifted,rare_deterministic,8352,0.625,0.01935117015472389
pragmatic_unlifted,rare_deterministic,8352,0.675,0.018020882185242518
pragmatic_unlifted,rare_deterministic,8352,0.725,0.015461387261006642
pragmatic_unlifted,rare_deterministic,8352,0.775,0.029334370625969924
pragmatic_unlifted,rare_deterministic,8352,0.825,0.026499152929769072
pragmatic_unlifted,rare_deterministic,8352,0.875,0.17025830037000045
pragmatic_unlifted,rare_deterministic,8352,0.925,0.17239016763406215
pragmatic_unlifted,rare_deterministic,8352,0.975,0.47568089114779444
fixed_0.05,rare_deterministic,8352,0.075,0.05356207438449449
fixed_0.05,rare_deterministic,8352,0.125,0.006024096385542172
fixed_0.05,rare_deterministic,8352,0.175,0.041644840230487166
fixed_0.05,rare_deterministic,8352,0.225,0.006024096385542172
fixed_0.05,rare_deterministic,8352,0.275,0.011917234154007335
fixed_0.05,rare_deterministic,8352,0.325,0.011917234154007335
fixed_0.05,rare_deterministic,8352,0.375,0.017810371922472513
fixed_0.05,rare_deterministic,8352,0.425,0.017810371922472513
fixed_0.05,rare_deterministic,8352,0.475,0.06547930853850184
fixed_0.05,rare_deterministic,8352,0.525,0.05356207438449449
fixed_0.05,rare_deterministic,8352,0.575,0.011917234154007335
fixed_0.05,rare_deterministic,8352,0.625,0.02972760607647984
fixed_0.05,rare_deterministic,8352,0.675,0.02383446830801466
fixed_0.05,rare_deterministic,8352,0.725,0.017810371922472513
fixed_0.05,rare_deterministic,8352,0.775,0.02972760607647984
fixed_0.05,rare_deterministic,8352,0.825,0.02383446830801466
fixed_0.05,rare_deterministic,8352,0.875,0.1369827134625458
fixed_0.05,rare_deterministic,8352,0.925,0.12493452069146149
fixed_0.05,rare_deterministic,8352,0.975,0.3154793085385019
fixed_0.1,rare_deterministic,8352,0.125,0.006365020063650203
fixed_0.1,rare_deterministic,8352,0.175,0.044001660440016604
fixed_0.1,rare_deterministic,8352,0.225,0.006365020063650203
fixed_0.1,rare_deterministic,8352,0.275,0.012591670125916702
fixed_0.1,rare_deterministic,8352,0.325,0.012591670125916702
fixed_0.1,rare_deterministic,8352,0.375,0.018818320188183205
fixed_0.1,rare_deterministic,8352,0.425,0.018818320188183205
fixed_0.1,rare_deterministic,8352,0.475,0.06918500069185
fixed_0.1,rare_deterministic,8352,0.525,0.0565933305659333
fixed_0.1,rare_deterministic,8352,0.575,0.012591670125916702
fixed_0.1,rare_deterministic,8352,0.625,0.031409990314099905
fixed_0.1,rare_deterministic,8352,0.675,0.025183340251833393
fixed_0.1,rare_deterministic,8352,0.725,0.018818320188183205
fixed_0.1,rare_deterministic,8352,0.775,0.031409990314099905
fixed_0.1,rare_deterministic,8352,0.825,0.025183340251833393
fixed_0.1,rare_deterministic,8352,0.875,0.14473502144735018
fixed_0.1,rare_deterministic,8352,0.925,0.13200498132004979
fixed_0.1,rare_deterministic,8352,0.975,0.33333333333333337
fixed_0.3,rare_deterministic,8352,0.325,0.0135295866785608
fixed_0.3,rare_deterministic,8352,0.375,0.02022004162949748
fixed_0.3,rare_deterministic,8352,0.425,0.02022004162949748
fixed_0.3,rare_deterministic,8352,0.475,0.07433838834374071
fixed_0.3,rare_deterministic,8352,0.525,0.06080880166517989
fixed_0.3,rare_deterministic,8352,0.575,0.0135295866785608
fixed_0.3,rare_deterministic,8352,0.625,0.03374962830805829
fixed_0.3,rare_deterministic,8352,0.675,0.027059173357121612
fixed_0.3,rare_deterministic,8352,0.725,0.02022004162949748
fixed_0.3,rare_deterministic,8352,0.775,0.03374962830805829
fixed_0.3,rare_deterministic,8352,0.825,0.027059173357121612
fixed_0.3,rare_deterministic,8352,0.875,0.1555159084151055
fixed_0.3,rare_deterministic,8352,0.925,0.14183764495985723
fixed_0.3,rare_deterministic,8352,0.975,0.35816235504014265
prior,rare_half,8352,0.975,0.004598160735705716
prior,rare_half,8352,0.925,0.004598160735705716
prior,rare_half,8352,0.875,0.009096361455417826
prior,rare_half,8352,0.825,0.004598160735705716
prior,rare_half,8352,0.775,0.004598160735705716
prior,rare_half,8352,0.725,0.009096361455417826
prior,rare_half,8352,0.675,0.004598160735705716
prior,rare_half,8352,0.625,0.027289084366253498
prior,rare_half,8352,0.575,0.031787285085965615
prior,rare_half,8352,0.525,0.06817273090763694
prior,rare_half,8352,0.475,0.16813274690123947
prior,rare_half,8352,0.425,0.09536185525789684
prior,rare_half,8352,0.375,0.04998000799680129
prior,rare_half,8352,0.325,0.03638544582167133
prior,rare_half,8352,0.275,0.031787285085965615
prior,rare_half,8352,0.225,0.03638544582167133
prior,rare_half,8352,0.175,0.02269092363054779
prior,rare_half,8352,0.125,0.018192722910835655
prior,rare_half,8352,0.075,0.03638544582167133
prior,rare_half,8352,0.025,0.336265493802479
literal,rare_half,8352,0.025,0.02931161276606126
literal,rare_half,8352,0.075,0.008880617042559349
literal,rare_half,8352,0.125,0.007611957465050866
literal,rare_half,8352,0.175,0.013449882718695646
literal,rare_half,8352,0.225,0.02791051070518655
literal,rare_half,8352,0.275,0.029925030583757683
literal,rare_half,8352,0.325,0.04059710648027132
literal,rare_half,8352,0.375,0.06447857742831552
literal,rare_half,8352,0.425,0.13965014272420243
literal,rare_half,8352,0.475,0.27552916000097594
literal,rare_half,8352,0.525,0.12360369026582603
literal,rare_half,8352,0.575,0.06317506456571066
literal,rare_half,8352,0.625,0.0589926703541443
literal,rare_half,8352,0.675,0.0107417824667064
literal,rare_half,8352,0.725,0.022835872395152605
literal,rare_half,8352,0.775,0.012345033581140186
literal,rare_half,8352,0.825,0.013146659138357093
literal,rare_half,8352,0.875,0.027593345810809397
literal,rare_half,8352,0.925,0.014749910252790897
literal,rare_half,8352,0.975,0.015471373254286087
pragmatic_unlifted,rare_half,8352,0.025,0.0016958136863042756
pragmatic_unlifted,rare_half,8352,0.075,0.001436558878088712
pragmatic_unlifted,rare_half,8352,0.125,0.002104232450264171
pragmatic_unlifted,rare_half,8352,0.175,0.00524211607559434
pragmatic_unlifted,rare_half,8352,0.225,0.013987888901039948
pragmatic_unlifted,rare_half,8352,0.275,0.0182597734398037
pragmatic_unlifted,rare_half,8352,0.325,0.029080820262367857
pragmatic_unlifted,rare_half,8352,0.375,0.052819204046429175
pragmatic_unlifted,rare_half,8352,0.425,0.1282474391901325
pragmatic_unlifted,rare_half,8352,0.475,0.279255024790867
pragmatic_unlifted,rare_half,8352,0.525,0.13651107639805987
pragmatic_unlifted,rare_half,8352,0.575,0.0752312937111177
pragmatic_unlifted,rare_half,8352,0.625,0.07507380927235979
pragmatic_unlifted,rare_half,8352,0.675,0.014496923561511348
pragmatic_unlifted,rare_half,8352,0.725,0.0324665393043114
pragmatic_unlifted,rare_half,8352,0.775,0.018382117518441356
pragmatic_unlifted,rare_half,8352,0.825,0.020396896877468155
pragmatic_unlifted,rare_half,8352,0.875,0.0444023965214982
pragmatic_unlifted,rare_half,8352,0.925,0.024516761804840838
pragmatic_unlifted,rare_half,8352,0.975,0.026393313309498793
fixed_0.05,rare_half,8352,0.075,0.054819277108433734
fixed_0.05,rare_half,8352,0.125,0.027409638554216853
fixed_0.05,rare_half,8352,0.175,0.03418674698795182
fixed_0.05,rare_half,8352,0.225,0.054819277108433734
fixed_0.05,rare_half,8352,0.275,0.04789156626506025
fixed_0.05,rare_half,8352,0.325,0.054819277108433734
fixed_0.05,rare_half,8352,0.375,0.07530120481927713
fixed_0.05,rare_half,8352,0.425,0.14367469879518072
fixed_0.05,rare_half,8352,0.475,0.25331325301204816
fixed_0.05,rare_half,8352,0.525,0.10271084337349395
fixed_0.05,rare_half,8352,0.575,0.04789156626506025
fixed_0.05,rare_half,8352,0.625,0.04111445783132531
fixed_0.05,rare_half,8352,0.675,0.006927710843373489
fixed_0.05,rare_half,8352,0.725,0.013704819277108418
fixed_0.05,rare_half,8352,0.775,0.006927710843373489
fixed_0.05,rare_half,8352,0.825,0.006927710843373489
fixed_0.05,rare_half,8352,0.875,0.013704819277108418
fixed_0.05,rare_half,8352,0.925,0.006927710843373489
fixed_0.05,rare_half,8352,0.975,0.006927710843373489
fixed_0.1,rare_half,8352,0.125,0.028999362651370285
fixed_0.1,rare_half,8352,0.175,0.03616953473550033
fixed_0.1,rare_half,8352,0.225,0.0579987253027406
fixed_0.1,rare_half,8352,0.275,0.050669216061185476
fixed_0.1,rare_half,8352,0.325,0.0579987253027406
fixed_0.1,rare_half,8352,0.375,0.07966857871255578
fixed_0.1,rare_half,8352,0.425,0.15200764818355642
fixed_0.1,rare_half,8352,0.475,0.2680050987890376
fixed_0.1,rare_half,8352,0.525,0.10866794136392605
fixed_0.1,rare_half,8352,0.575,0.050669216061185476
fixed_0.1,rare_half,8352,0.625,0.04349904397705545
fixed_0.1,rare_half,8352,0.675,0.007329509241555125
fixed_0.1,rare_half,8352,0.725,0.014499681325685134
fixed_0.1,rare_half,8352,0.775,0.007329509241555125
fixed_0.1,rare_half,8352,0.825,0.007329509241555125
fixed_0.1,rare_half,8352,0.875,0.014499681325685134
fixed_0.1,rare_half,8352,0.925,0.007329509241555125
fixed_0.1,rare_half,8352,0.975,0.007329509241555125
fixed_0.3,rare_half,8352,0.325,0.07020250723240119
fixed_0.3,rare_half,8352,0.375,0.0964320154291225
fixed_0.3,rare_half,8352,0.425,0.18399228543876572
fixed_0.3,rare_half,8352,0.475,0.32439729990356797
fixed_0.3,rare_half,8352,0.525,0.13153326904532303
fixed_0.3,rare_half,8352,0.575,0.06133076181292193
fixed_0.3,rare_half,8352,0.625,0.0526518804243009
fixed_0.3,rare_half,8352,0.675,0.008871745419479264
fixed_0.3,rare_half,8352,0.725,0.017550626808100277
fixed_0.3,rare_half,8352,0.775,0.008871745419479264
fixed_0.3,rare_half,8352,0.825,0.008871745419479264
fixed_0.3,rare_half,8352,0.875,0.017550626808100277
fixed_0.3,rare_half,8352,0.925,0.008871745419479264
fixed_0.3,rare_half,8352,0.975,0.008871745419479264
prior,rare_strong,8352,0.975,0.004599540045995401
prior,rare_strong,8352,0.925,0.004599540045995401
prior,rare_strong,8352,0.875,0.004599540045995401
prior,rare_strong,8352,0.825,0.0181981801819818
prior,rare_strong,8352,0.775,0.12268773122687734
prior,rare_strong,8352,0.725,0.2226777322267773
prior,rare_strong,8352,0.675,0.09539046095390465
prior,rare_strong,8352,0.625,0.04539546045395462
prior,rare_strong,8352,0.575,0.022697730226977308
prior,rare_strong,8352,0.525,0.0181981801819818
prior,rare_strong,8352,0.475,0.013598640135986394
prior,rare_strong,8352,0.425,0.004599540045995401
prior,rare_strong,8352,0.375,0.004599540045995401
prior,rare_strong,8352,0.325,0.009099090090990898
prior,rare_strong,8352,0.275,0.022697730226977308
prior,rare_strong,8352,0.225,0.027297270272972716
prior,rare_strong,8352,0.175,0.031796820317968204
prior,rare_strong,8352,0.125,0.027297270272972716
prior,rare_strong,8352,0.075,0.04999500049995001
prior,rare_strong,8352,0.025,0.24997500249975005
literal,rare_strong,8352,0.025,0.014191837309318457
literal,rare_strong,8352,0.075,0.007947428893218336
literal,rare_strong,8352,0.125,0.007438793444052367
literal,rare_strong,8352,0.175,0.012275371599068097
literal,rare_strong,8352,0.225,0.013637787980762693
literal,rare_strong,8352,0.275,0.013917083339010058
literal,rare_strong,8352,0.325,0.0066122608391576574
literal,rare_strong,8352,0.375,0.0038647211360736044
literal,rare_strong,8352,0.425,0.004386980749056521
literal,rare_strong,8352,0.475,0.014514275852986164
literal,rare_strong,8352,0.525,0.021489847727262423
literal,rare_strong,8352,0.575,0.029380509271243496
literal,rare_strong,8352,0.625,0.06391549385323148
literal,rare_strong,8352,0.675,0.14513821714192304
literal,rare_strong,8352,0.725,0.364092153844058
literal,rare_strong,8352,0.775,0.214532895543536
literal,rare_strong,8352,0.825,0.033887836800683004
literal,rare_strong,8352,0.875,0.009087317265902813
literal,rare_strong,8352,0.925,0.009609576878885735
literal,rare_strong,8352,0.975,0.01007961053057035
pragmatic_unlifted,rare_strong,8352,0.025,0.0005684536363163219
pragmatic_unlifted,rare_strong,8352,0.075,0.0008907987379074268
pragmatic_unlifted,rare_strong,8352,0.125,0.0014274406762677526
pragmatic_unlifted,rare_strong,8352,0.175,0.0033302224003285874
pragmatic_unlifted,rare_strong,8352,0.225,0.004774956401582192
pragmatic_unlifted,rare_strong,8352,0.275,0.005959751764694795
pragmatic_unlifted,rare_strong,8352,0.325,0.0033422032189651223
pragmatic_unlifted,rare_strong,8352,0.375,0.0022478974712539733
pragmatic_unlifted,rare_strong,8352,0.425,0.002880756564734476
pragmatic_unlifted,rare_strong,8352,0.475,0.010600727298773201
pragmatic_unlifted,rare_strong,8352,0.525,0.017248495201068078
pragmatic_unlifted,rare_strong,8352,0.575,0.02565947250748042
pragmatic_unlifted,rare_strong,8352,0.625,0.06023424459500753
pragmatic_unlifted,rare_strong,8352,0.675,0.14654597485582632
pragmatic_unlifted,rare_strong,8352,0.725,0.39145269657387954
pragmatic_unlifted,rare_strong,8352,0.775,0.24428227195459487
pragmatic_unlifted,rare_strong,8352,0.825,0.04067223743823184
pragmatic_unlifted,rare_strong,8352,0.875,0.011447146427504702
pragmatic_unlifted,rare_strong,8352,0.925,0.012656485665920545
pragmatic_unlifted,rare_strong,8352,0.975,0.013777766609662706
fixed_0.05,rare_strong,8352,0.075,0.06665777896280495
fixed_0.05,rare_strong,8352,0.125,0.03639514731369151
fixed_0.05,rare_strong,8352,0.175,0.042394347420343946
fixed_0.05,rare_strong,8352,0.225,0.03639514731369151
fixed_0.05,rare_strong,8352,0.275,0.030262631649113452
fixed_0.05,rare_strong,8352,0.325,0.0121317157712305
fixed_0.05,rare_strong,8352,0.375,0.006132515664578057
fixed_0.05,rare_strong,8352,0.425,0.006132515664578057
fixed_0.05,rare_strong,8352,0.475,0.018130915877882944
fixed_0.05,rare_strong,8352,0.525,0.024263431542460995
fixed_0.05,rare_strong,8352,0.575,0.030262631649113452
fixed_0.05,rare_strong,8352,0.625,0.06052526329822691
fixed_0.05,rare_strong,8352,0.675,0.1271830422610319
fixed_0.05,rare_strong,8352,0.725,0.29689374750033326
fixed_0.05,rare_strong,8352,0.775,0.16357818957472342
fixed_0.05,rare_strong,8352,0.825,0.024263431542460995
fixed_0.05,rare_strong,8352,0.875,0.006132515664578057
fixed_0.05,rare_strong,8352,0.925,0.006132515664578057
fixed_0.05,rare_strong,8352,0.975,0.006132515664578057
fixed_0.1,rare_strong,8352,0.125,0.03899442936723326
fixed_0.1,rare_strong,8352,0.175,0.045422082559634355
fixed_0.1,rare_strong,8352,0.225,0.03899442936723326
fixed_0.1,rare_strong,8352,0.275,0.03242393943722327
fixed_0.1,rare_strong,8352,0.325,0.012998143122411083
fixed_0.1,rare_strong,8352,0.375,0.00657048993001
fixed_0.1,rare_strong,8352,0.425,0.00657048993001
fixed_0.1,rare_strong,8352,0.475,0.019425796314812165
fixed_0.1,rare_strong,8352,0.525,0.02599628624482217
fixed_0.1,rare_strong,8352,0.575,0.03242393943722327
fixed_0.1,rare_strong,8352,0.625,0.06484787887444654
fixed_0.1,rare_strong,8352,0.675,0.13626624767890308
fixed_0.1,rare_strong,8352,0.725,0.31809741465504926
fixed_0.1,rare_strong,8352,0.775,0.17526067704613632
fixed_0.1,rare_strong,8352,0.825,0.02599628624482217
fixed_0.1,rare_strong,8352,0.875,0.00657048993001
fixed_0.1,rare_strong,8352,0.925,0.00657048993001
fixed_0.1,rare_strong,8352,0.975,0.00657048993001
fixed_0.3,rare_strong,8352,0.325,0.015397631133671744
fixed_0.3,rare_strong,8352,0.375,0.007783417935702203
fixed_0.3,rare_strong,8352,0.425,0.007783417935702203
fixed_0.3,rare_strong,8352,0.475,0.023011844331641274
fixed_0.3,rare_strong,8352,0.525,0.030795262267343478
fixed_0.3,rare_strong,8352,0.575,0.03840947546531304
fixed_0.3,rare_strong,8352,0.625,0.07681895093062607
fixed_0.3,rare_strong,8352,0.675,0.16142131979695437
fixed_0.3,rare_strong,8352,0.725,0.376818950930626
fixed_0.3,rare_strong,8352,0.775,0.20761421319796958
fixed_0.3,rare_strong,8352,0.825,0.030795262267343478
fixed_0.3,rare_strong,8352,0.875,0.007783417935702203
fixed_0.3,rare_strong,8352,0.925,0.007783417935702203
fixed_0.3,rare_strong,8352,0.975,0.007783417935702203
prior,rare_weak,8352,0.975,0.004598620413875841
prior,rare_weak,8352,0.925,0.004598620413875841
prior,rare_weak,8352,0.875,0.022693192042387286
prior,rare_weak,8352,0.825,0.013595921223632913
prior,rare_weak,8352,0.775,0.004598620413875841
prior,rare_weak,8352,0.725,0.004598620413875841
prior,rare_weak,8352,0.675,0.004598620413875841
prior,rare_weak,8352,0.625,0.004598620413875841
prior,rare_weak,8352,0.575,0.004598620413875841
prior,rare_weak,8352,0.525,0.004598620413875841
prior,rare_weak,8352,0.475,0.004598620413875841
prior,rare_weak,8352,0.425,0.018194541637508756
prior,rare_weak,8352,0.375,0.022693192042387286
prior,rare_weak,8352,0.325,0.04538638408477458
prior,rare_weak,8352,0.275,0.049985004498650405
prior,rare_weak,8352,0.225,0.12726182145356396
prior,rare_weak,8352,0.175,0.09087273817854642
prior,rare_weak,8352,0.125,0.049985004498650405
prior,rare_weak,8352,0.075,0.0726781965410377
prior,rare_weak,8352,0.025,0.4452664200739779
literal,rare_weak,8352,0.025,0.06577470612558328
literal,rare_weak,8352,0.075,0.030060842341544054
literal,rare_weak,8352,0.125,0.03544214070529855
literal,rare_weak,8352,0.175,0.09128123338649642
literal,rare_weak,8352,0.225,0.165432098765432
literal,rare_weak,8352,0.275,0.07974481658692179
literal,rare_weak,8352,0.325,0.08581723669442962
literal,rare_weak,8352,0.375,0.04961308996396716
literal,rare_weak,8352,0.425,0.04515328725855037
literal,rare_weak,8352,0.475,0.012770984700809266
literal,rare_weak,8352,0.525,0.01412960009451239
literal,rare_weak,8352,0.575,0.015488215488215497
literal,rare_weak,8352,0.625,0.016846830881918625
literal,rare_weak,8352,0.675,0.018205446275621748
literal,rare_weak,8352,0.725,0.019564061669324836
literal,rare_weak,8352,0.775,0.020922677063027955
literal,rare_weak,8352,0.825,0.06587512552424833
literal,rare_weak,8352,0.875,0.11665780613149031
literal,rare_weak,8352,0.925,0.024998523244137316
literal,rare_weak,8352,0.975,0.02622127709847009
pragmatic_unlifted,rare_weak,8352,0.025,0.005355741219782268
pragmatic_unlifted,rare_weak,8352,0.075,0.006825796502791135
pragmatic_unlifted,rare_weak,8352,0.125,0.013672732083483038
pragmatic_unlifted,rare_weak,8352,0.175,0.04921512118756194
pragmatic_unlifted,rare_weak,8352,0.225,0.11337536412867848
pragmatic_unlifted,rare_weak,8352,0.275,0.06560647867553204
pragmatic_unlifted,rare_weak,8352,0.325,0.08153149780319069
pragmatic_unlifted,rare_weak,8352,0.375,0.05291377751102558
pragmatic_unlifted,rare_weak,8352,0.425,0.052901829122565115
pragmatic_unlifted,rare_weak,8352,0.475,0.016156720792734496
pragmatic_unlifted,rare_weak,8352,0.525,0.01903476518694517
pragmatic_unlifted,rare_weak,8352,0.575,0.02196352393128979
pragmatic_unlifted,rare_weak,8352,0.625,0.02490654470888081
pragmatic_unlifted,rare_weak,8352,0.675,0.027832640741426336
pragmatic_unlifted,rare_weak,8352,0.725,0.03071588621970498
pragmatic_unlifted,rare_weak,8352,0.775,0.03353537234437088
pragmatic_unlifted,rare_weak,8352,0.825,0.10724723975151976
pragmatic_unlifted,rare_weak,8352,0.875,0.192071549467716
pragmatic_unlifted,rare_weak,8352,0.925,0.04146831532742508
pragmatic_unlifted,rare_weak,8352,0.975,0.04366910329337613
fixed_0.05,rare_weak,8352,0.075,0.13101459722472522
fixed_0.05,rare_weak,8352,0.125,0.09010632546404759
fixed_0.05,rare_weak,8352,0.175,0.1638132996936385
fixed_0.05,rare_weak,8352,0.225,0.22941070463146523
fixed_0.05,rare_weak,8352,0.275,0.09010632546404759
fixed_0.05,rare_weak,8352,0.325,0.08181654352135523
fixed_0.05,rare_weak,8352,0.375,0.040908271760677614
fixed_0.05,rare_weak,8352,0.425,0.032798702468913345
fixed_0.05,rare_weak,8352,0.475,0.008289781942692385
fixed_0.05,rare_weak,8352,0.525,0.008289781942692385
fixed_0.05,rare_weak,8352,0.575,0.008289781942692385
fixed_0.05,rare_weak,8352,0.625,0.008289781942692385
fixed_0.05,rare_weak,8352,0.675,0.008289781942692385
fixed_0.05,rare_weak,8352,0.725,0.008289781942692385
fixed_0.05,rare_weak,8352,0.775,0.008289781942692385
fixed_0.05,rare_weak,8352,0.825,0.024508920526220952
fixed_0.05,rare_weak,8352,0.875,0.040908271760677614
fixed_0.05,rare_weak,8352,0.925,0.008289781942692385
fixed_0.05,rare_weak,8352,0.975,0.008289781942692385
fixed_0.1,rare_weak,8352,0.125,0.10369141435089174
fixed_0.1,rare_weak,8352,0.175,0.18851099128992116
fixed_0.1,rare_weak,8352,0.225,0.26399834093737046
fixed_0.1,rare_weak,8352,0.275,0.10369141435089174
fixed_0.1,rare_weak,8352,0.325,0.09415180423060973
fixed_0.1,rare_weak,8352,0.375,0.04707590211530486
fixed_0.1,rare_weak,8352,0.425,0.03774367482372462
fixed_0.1,rare_weak,8352,0.475,0.009539610120282054
fixed_0.1,rare_weak,8352,0.525,0.009539610120282054
fixed_0.1,rare_weak,8352,0.575,0.009539610120282054
fixed_0.1,rare_weak,8352,0.625,0.009539610120282054
fixed_0.1,rare_weak,8352,0.675,0.009539610120282054
fixed_0.1,rare_weak,8352,0.725,0.009539610120282054
fixed_0.1,rare_weak,8352,0.775,0.009539610120282054
fixed_0.1,rare_weak,8352,0.825,0.028204064703442562
fixed_0.1,rare_weak,8352,0.875,0.04707590211530486
fixed_0.1,rare_weak,8352,0.925,0.009539610120282054
fixed_0.1,rare_weak,8352,0.975,0.009539610120282054
fixed_0.3,rare_weak,8352,0.325,0.27682926829268284
fixed_0.3,rare_weak,8352,0.375,0.1384146341463414
fixed_0.3,rare_weak,8352,0.425,0.11097560975609758
fixed_0.3,rare_weak,8352,0.475,0.02804878048780489
fixed_0.3,rare_weak,8352,0.525,0.02804878048780489
fixed_0.3,rare_weak,8352,0.575,0.02804878048780489
fixed_0.3,rare_weak,8352,0.625,0.02804878048780489
fixed_0.3,rare_weak,8352,0.675,0.02804878048780489
fixed_0.3,rare_weak,8352,0.725,0.02804878048780489
fixed_0.3,rare_weak,8352,0.775,0.02804878048780489
fixed_0.3,rare_weak,8352,0.825,0.08292682926829267
fixed_0.3,rare_weak,8352,0.875,0.1384146341463414
fixed_0.3,rare_weak,8352,0.925,0.02804878048780489
fixed_0.3,rare_weak,8352,0.975,0.02804878048780489
prior,strong_or_deterministic,8352,0.975,0.16358364163583633
prior,strong_or_deterministic,8352,0.925,0.07269273072692727
prior,strong_or_deterministic,8352,0.875,0.04089591040895908
prior,strong_or_deterministic,8352,0.825,0.10908909109089089
prior,strong_or_deterministic,8352,0.775,0.19548045195480448
prior,strong_or_deterministic,8352,0.725,0.21817818218178175
prior,strong_or_deterministic,8352,0.675,0.04089591040895908
prior,strong_or_deterministic,8352,0.625,0.04089591040895908
prior,strong_or_deterministic,8352,0.575,0.009099090090990898
prior,strong_or_deterministic,8352,0.525,0.013598640135986407
prior,strong_or_deterministic,8352,0.475,0.022697730226977297
prior,strong_or_deterministic,8352,0.425,0.004599540045995401
prior,strong_or_deterministic,8352,0.375,0.013598640135986407
prior,strong_or_deterministic,8352,0.325,0.004599540045995401
prior,strong_or_deterministic,8352,0.275,0.013598640135986407
prior,strong_or_deterministic,8352,0.225,0.013598640135986407
prior,strong_or_deterministic,8352,0.175,0.009099090090990898
prior,strong_or_deterministic,8352,0.125,0.004599540045995401
prior,strong_or_deterministic,8352,0.075,0.004599540045995401
prior,strong_or_deterministic,8352,0.025,0.004599540045995401
literal,strong_or_deterministic,8352,0.025,0.00015317668464383738
literal,strong_or_deterministic,8352,0.075,0.0004288947170027447
literal,strong_or_deterministic,8352,0.125,0.0007352480862904198
literal,strong_or_deterministic,8352,0.175,0.002060559401252318
literal,strong_or_deterministic,8352,0.225,0.00398525774308141
literal,strong_or_deterministic,8352,0.275,0.004890998139236274
literal,strong_or_deterministic,8352,0.325,0.001960661563441121
literal,strong_or_deterministic,8352,0.375,0.0067024789315460135
literal,strong_or_deterministic,8352,0.425,0.0025733683020164695
literal,strong_or_deterministic,8352,0.475,0.014210800421435674
literal,strong_or_deterministic,8352,0.525,0.009419700120010616
literal,strong_or_deterministic,8352,0.575,0.006908934463022484
literal,strong_or_deterministic,8352,0.625,0.033776124949551595
literal,strong_or_deterministic,8352,0.675,0.03650000599387027
literal,strong_or_deterministic,8352,0.725,0.20925799881987361
literal,strong_or_deterministic,8352,0.775,0.2005082801987834
literal,strong_or_deterministic,8352,0.825,0.11916080488353906
literal,strong_or_deterministic,8352,0.875,0.04739553017114498
literal,strong_or_deterministic,8352,0.925,0.0890875597888559
literal,strong_or_deterministic,8352,0.975,0.21028361662140194
pragmatic_unlifted,strong_or_deterministic,8352,0.025,0.000004966854860101683
pragmatic_unlifted,strong_or_deterministic,8352,0.075,0.00003893207259897981
pragmatic_unlifted,strong_or_deterministic,8352,0.125,0.00011435995788500899
pragmatic_unlifted,strong_or_deterministic,8352,0.175,0.0004537199638118289
pragmatic_unlifted,strong_or_deterministic,8352,0.225,0.0011345485269297563
pragmatic_unlifted,strong_or_deterministic,8352,0.275,0.0017068323048491179
pragmatic_unlifted,strong_or_deterministic,8352,0.325,0.0008097736614093409
pragmatic_unlifted,strong_or_deterministic,8352,0.375,0.0031954051557944044
pragmatic_unlifted,strong_or_deterministic,8352,0.425,0.0013899990315600183
pragmatic_unlifted,strong_or_deterministic,8352,0.475,0.008571395834486741
pragmatic_unlifted,strong_or_deterministic,8352,0.525,0.006271125770689933
pragmatic_unlifted,strong_or_deterministic,8352,0.575,0.005028746314898089
pragmatic_unlifted,strong_or_deterministic,8352,0.625,0.026665122700266726
pragmatic_unlifted,strong_or_deterministic,8352,0.675,0.031044060178173988
pragmatic_unlifted,strong_or_deterministic,8352,0.725,0.1906318216638462
pragmatic_unlifted,strong_or_deterministic,8352,0.775,0.19465979575595516
pragmatic_unlifted,strong_or_deterministic,8352,0.825,0.12273721926626512
pragmatic_unlifted,strong_or_deterministic,8352,0.875,0.051590043218912335
pragmatic_unlifted,strong_or_deterministic,8352,0.925,0.10211746704780099
pragmatic_unlifted,strong_or_deterministic,8352,0.975,0.25183466471900684
fixed_0.05,strong_or_deterministic,8352,0.075,0.004620793571069816
fixed_0.05,strong_or_deterministic,8352,0.125,0.004620793571069816
fixed_0.05,strong_or_deterministic,8352,0.175,0.009141135107985938
fixed_0.05,strong_or_deterministic,8352,0.225,0.013661476644902068
fixed_0.05,strong_or_deterministic,8352,0.275,0.013661476644902068
fixed_0.05,strong_or_deterministic,8352,0.325,0.004620793571069816
fixed_0.05,strong_or_deterministic,8352,0.375,0.013661476644902068
fixed_0.05,strong_or_deterministic,8352,0.425,0.004620793571069816
fixed_0.05,strong_or_deterministic,8352,0.475,0.022802611752888
fixed_0.05,strong_or_deterministic,8352,0.525,0.013661476644902068
fixed_0.05,strong_or_deterministic,8352,0.575,0.009141135107985938
fixed_0.05,strong_or_deterministic,8352,0.625,0.041084881968859864
fixed_0.05,strong_or_deterministic,8352,0.675,0.041084881968859864
fixed_0.05,strong_or_deterministic,8352,0.725,0.2191863385233551
fixed_0.05,strong_or_deterministic,8352,0.775,0.19638372677046712
fixed_0.05,strong_or_deterministic,8352,0.825,0.10959316926167756
fixed_0.05,strong_or_deterministic,8352,0.875,0.041084881968859864
fixed_0.05,strong_or_deterministic,8352,0.925,0.07302862882973378
fixed_0.05,strong_or_deterministic,8352,0.975,0.1643395278754394
fixed_0.1,strong_or_deterministic,8352,0.125,0.004642244424260775
fixed_0.1,strong_or_deterministic,8352,0.175,0.0091835704914724
fixed_0.1,strong_or_deterministic,8352,0.225,0.013724896558684035
fixed_0.1,strong_or_deterministic,8352,0.275,0.013724896558684035
fixed_0.1,strong_or_deterministic,8352,0.325,0.004642244424260775
fixed_0.1,strong_or_deterministic,8352,0.375,0.013724896558684035
fixed_0.1,strong_or_deterministic,8352,0.425,0.004642244424260775
fixed_0.1,strong_or_deterministic,8352,0.475,0.02290846705015643
fixed_0.1,strong_or_deterministic,8352,0.525,0.013724896558684035
fixed_0.1,strong_or_deterministic,8352,0.575,0.0091835704914724
fixed_0.1,strong_or_deterministic,8352,0.625,0.04127560803310122
fixed_0.1,strong_or_deterministic,8352,0.675,0.04127560803310122
fixed_0.1,strong_or_deterministic,8352,0.725,0.22020385508123924
fixed_0.1,strong_or_deterministic,8352,0.775,0.1972953880310829
fixed_0.1,strong_or_deterministic,8352,0.825,0.11010192754061966
fixed_0.1,strong_or_deterministic,8352,0.875,0.04127560803310122
fixed_0.1,strong_or_deterministic,8352,0.925,0.07336764557473004
fixed_0.1,strong_or_deterministic,8352,0.975,0.16510243213240483
fixed_0.3,strong_or_deterministic,8352,0.325,0.004842105263157898
fixed_0.3,strong_or_deterministic,8352,0.375,0.014315789473684223
fixed_0.3,strong_or_deterministic,8352,0.425,0.004842105263157898
fixed_0.3,strong_or_deterministic,8352,0.475,0.02389473684210526
fixed_0.3,strong_or_deterministic,8352,0.525,0.014315789473684223
fixed_0.3,strong_or_deterministic,8352,0.575,0.009578947368421055
fixed_0.3,strong_or_deterministic,8352,0.625,0.04305263157894735
fixed_0.3,strong_or_deterministic,8352,0.675,0.04305263157894735
fixed_0.3,strong_or_deterministic,8352,0.725,0.22968421052631577
fixed_0.3,strong_or_deterministic,8352,0.775,0.20578947368421052
fixed_0.3,strong_or_deterministic,8352,0.825,0.11484210526315788
fixed_0.3,strong_or_deterministic,8352,0.875,0.04305263157894735
fixed_0.3,strong_or_deterministic,8352,0.925,0.07652631578947365
fixed_0.3,strong_or_deterministic,8352,0.975,0.17221052631578943
prior,uniform,8352,0.975,0.013599999999999992
prior,uniform,8352,0.925,0.013599999999999992
prior,uniform,8352,0.875,0.022700000000000005
prior,uniform,8352,0.825,0.0409
prior,uniform,8352,0.775,0.036400000000000016
prior,uniform,8352,0.725,0.0318
prior,uniform,8352,0.675,0.0773
prior,uniform,8352,0.625,0.0409
prior,uniform,8352,0.575,0.05910000000000002
prior,uniform,8352,0.525,0.06360000000000002
prior,uniform,8352,0.475,0.10910000000000003
prior,uniform,8352,0.425,0.05460000000000001
prior,uniform,8352,0.375,0.0954
prior,uniform,8352,0.325,0.0773
prior,uniform,8352,0.275,0.06360000000000002
prior,uniform,8352,0.225,0.036400000000000016
prior,uniform,8352,0.175,0.036400000000000016
prior,uniform,8352,0.125,0.06820000000000001
prior,uniform,8352,0.075,0.0318
prior,uniform,8352,0.025,0.0273
literal,uniform,8352,0.025,0.0015151229247533343
literal,uniform,8352,0.075,0.004941631693041645
literal,uniform,8352,0.125,0.01816815533506417
literal,uniform,8352,0.175,0.01373711451776355
literal,uniform,8352,0.225,0.01777744231710579
literal,uniform,8352,0.275,0.03812115877489267
literal,uniform,8352,0.325,0.05491293870578528
literal,uniform,8352,0.375,0.07836015970394605
literal,uniform,8352,0.425,0.050908130271711996
literal,uniform,8352,0.475,0.11383290580597316
literal,uniform,8352,0.525,0.07341852801090444
literal,uniform,8352,0.575,0.07478380361342947
literal,uniform,8352,0.625,0.05629375403061551
literal,uniform,8352,0.675,0.11497396541523805
literal,uniform,8352,0.725,0.050828211699856886
literal,uniform,8352,0.775,0.062221048109870294
literal,uniform,8352,0.825,0.07445302952436236
literal,uniform,8352,0.875,0.04384199654352176
literal,uniform,8352,0.925,0.02777614364031314
literal,uniform,8352,0.975,0.029134759361850164
pragmatic_unlifted,uniform,8352,0.025,0.00007037263599740557
pragmatic_unlifted,uniform,8352,0.075,0.000642294852402713
pragmatic_unlifted,uniform,8352,0.125,0.0040429955174378675
pragmatic_unlifted,uniform,8352,0.175,0.004322252259586577
pragmatic_unlifted,uniform,8352,0.225,0.007219766527986493
pragmatic_unlifted,uniform,8352,0.275,0.018938251246165588
pragmatic_unlifted,uniform,8352,0.325,0.03220546795081872
pragmatic_unlifted,uniform,8352,0.375,0.05289521425946784
pragmatic_unlifted,uniform,8352,0.425,0.038805519190123476
pragmatic_unlifted,uniform,8352,0.475,0.09653574012860583
pragmatic_unlifted,uniform,8352,0.525,0.06844304757939675
pragmatic_unlifted,uniform,8352,0.575,0.07588192257880001
pragmatic_unlifted,uniform,8352,0.625,0.06165762411715333
pragmatic_unlifted,uniform,8352,0.675,0.1349700913551563
pragmatic_unlifted,uniform,8352,0.725,0.06356010734304701
pragmatic_unlifted,uniform,8352,0.775,0.08243692362701249
pragmatic_unlifted,uniform,8352,0.825,0.10401732076817136
pragmatic_unlifted,uniform,8352,0.875,0.06431483097830766
pragmatic_unlifted,uniform,8352,0.925,0.04262233087188752
pragmatic_unlifted,uniform,8352,0.975,0.046417926212474564
fixed_0.05,uniform,8352,0.075,0.03269250539734759
fixed_0.05,uniform,8352,0.125,0.07011411534902848
fixed_0.05,uniform,8352,0.175,0.037421609951680895
fixed_0.05,uniform,8352,0.225,0.037421609951680895
fixed_0.05,uniform,8352,0.275,0.06538501079469518
fixed_0.05,uniform,8352,0.325,0.07946951783694868
fixed_0.05,uniform,8352,0.375,0.09807751619204275
fixed_0.05,uniform,8352,0.425,0.05613241492752133
fixed_0.05,uniform,8352,0.475,0.11216202323429629
fixed_0.05,uniform,8352,0.525,0.06538501079469518
fixed_0.05,uniform,8352,0.575,0.06075871286110826
fixed_0.05,uniform,8352,0.625,0.0420479078852678
fixed_0.05,uniform,8352,0.675,0.07946951783694868
fixed_0.05,uniform,8352,0.725,0.03269250539734759
fixed_0.05,uniform,8352,0.775,0.037421609951680895
fixed_0.05,uniform,8352,0.825,0.0420479078852678
fixed_0.05,uniform,8352,0.875,0.02333710290942737
fixed_0.05,uniform,8352,0.925,0.013981700421507134
fixed_0.05,uniform,8352,0.975,0.013981700421507134
fixed_0.1,uniform,8352,0.125,0.07248379211393349
fixed_0.1,uniform,8352,0.175,0.0386863641194601
fixed_0.1,uniform,8352,0.225,0.0386863641194601
fixed_0.1,uniform,8352,0.275,0.06759485598894677
fixed_0.1,uniform,8352,0.325,0.08215538314379849
fixed_0.1,uniform,8352,0.375,0.10139228398342012
fixed_0.1,uniform,8352,0.425,0.05802954617919014
fixed_0.1,uniform,8352,0.475,0.1159528111382719
fixed_0.1,uniform,8352,0.525,0.06759485598894677
fixed_0.1,uniform,8352,0.575,0.06281220108406846
fixed_0.1,uniform,8352,0.625,0.0434690190243384
fixed_0.1,uniform,8352,0.675,0.08215538314379849
fixed_0.1,uniform,8352,0.725,0.03379742799447338
fixed_0.1,uniform,8352,0.775,0.0386863641194601
fixed_0.1,uniform,8352,0.825,0.0434690190243384
fixed_0.1,uniform,8352,0.875,0.02412583696460836
fixed_0.1,uniform,8352,0.925,0.014454245934743324
fixed_0.1,uniform,8352,0.975,0.014454245934743324
fixed_0.3,uniform,8352,0.325,0.10498438136629093
fixed_0.3,uniform,8352,0.375,0.1295667526823306
fixed_0.3,uniform,8352,0.425,0.07415455656661686
fixed_0.3,uniform,8352,0.475,0.14817329892706782
fixed_0.3,uniform,8352,0.525,0.08637783512155371
fixed_0.3,uniform,8352,0.575,0.0802661958440853
fixed_0.3,uniform,8352,0.625,0.05554801032187968
fixed_0.3,uniform,8352,0.675,0.10498438136629093
fixed_0.3,uniform,8352,0.725,0.04318891756077685
fixed_0.3,uniform,8352,0.775,0.04943637104441127
fixed_0.3,uniform,8352,0.825,0.05554801032187968
fixed_0.3,uniform,8352,0.875,0.030829824799674048
fixed_0.3,uniform,8352,0.925,0.01847073203857122
fixed_0.3,uniform,8352,0.975,0.01847073203857122
prior,weak_or_deterministic,8352,0.975,0.21815636872625474
prior,weak_or_deterministic,8352,0.925,0.0499900019996001
prior,weak_or_deterministic,8352,0.875,0.0499900019996001
prior,weak_or_deterministic,8352,0.825,0.02269546090781844
prior,weak_or_deterministic,8352,0.775,0.027294541091781654
prior,weak_or_deterministic,8352,0.725,0.01819636072785443
prior,weak_or_deterministic,8352,0.675,0.031793641271745665
prior,weak_or_deterministic,8352,0.625,0.013597280543891218
prior,weak_or_deterministic,8352,0.575,0.004599080183963205
prior,weak_or_deterministic,8352,0.525,0.03639272145570886
prior,weak_or_deterministic,8352,0.475,0.009098180363927216
prior,weak_or_deterministic,8352,0.425,0.01819636072785443
prior,weak_or_deterministic,8352,0.375,0.009098180363927216
prior,weak_or_deterministic,8352,0.325,0.04089182163567288
prior,weak_or_deterministic,8352,0.275,0.07268546290741854
prior,weak_or_deterministic,8352,0.225,0.10457908418316339
prior,weak_or_deterministic,8352,0.175,0.17266546690661866
prior,weak_or_deterministic,8352,0.125,0.09088182363527297
prior,weak_or_deterministic,8352,0.075,0.004599080183963205
prior,weak_or_deterministic,8352,0.025,0.004599080183963205
literal,weak_or_deterministic,8352,0.025,0.00022294987892852163
literal,weak_or_deterministic,8352,0.075,0.0006242596609998606
literal,weak_or_deterministic,8352,0.125,0.021147280690020177
literal,weak_or_deterministic,8352,0.175,0.056918134743151994
literal,weak_or_deterministic,8352,0.225,0.04461324012089697
literal,weak_or_deterministic,8352,0.275,0.03805463629119965
literal,weak_or_deterministic,8352,0.325,0.025373634916665194
literal,weak_or_deterministic,8352,0.375,0.0065275847161072546
literal,weak_or_deterministic,8352,0.425,0.014819381517648894
literal,weak_or_deterministic,8352,0.475,0.008291796801541644
literal,weak_or_deterministic,8352,0.525,0.03669561137703541
literal,weak_or_deterministic,8352,0.575,0.005083257239570307
literal,weak_or_deterministic,8352,0.625,0.01634707286195913
literal,weak_or_deterministic,8352,0.675,0.04130582713435736
literal,weak_or_deterministic,8352,0.725,0.02540465403025524
literal,weak_or_deterministic,8352,0.775,0.04075329917353451
literal,weak_or_deterministic,8352,0.825,0.03608686127283056
literal,weak_or_deterministic,8352,0.875,0.08433321507296275
literal,weak_or_deterministic,8352,0.925,0.08917995157140887
literal,weak_or_deterministic,8352,0.975,0.4082173509289258
pragmatic_unlifted,weak_or_deterministic,8352,0.025,0.000008102916701241091
pragmatic_unlifted,weak_or_deterministic,8352,0.075,0.0000634989795813843
pragmatic_unlifted,weak_or_deterministic,8352,0.125,0.0036839671784379985
pragmatic_unlifted,weak_or_deterministic,8352,0.175,0.014026006060714826
pragmatic_unlifted,weak_or_deterministic,8352,0.225,0.014198885754358072
pragmatic_unlifted,weak_or_deterministic,8352,0.275,0.014826982298573013
pragmatic_unlifted,weak_or_deterministic,8352,0.325,0.011681795242495026
pragmatic_unlifted,weak_or_deterministic,8352,0.375,0.0034626652810267095
pragmatic_unlifted,weak_or_deterministic,8352,0.425,0.008887940039963174
pragmatic_unlifted,weak_or_deterministic,8352,0.475,0.005540161606995863
pragmatic_unlifted,weak_or_deterministic,8352,0.525,0.02699225297700943
pragmatic_unlifted,weak_or_deterministic,8352,0.575,0.004076421087748249
pragmatic_unlifted,weak_or_deterministic,8352,0.625,0.014175301202869424
pragmatic_unlifted,weak_or_deterministic,8352,0.675,0.03846156523560738
pragmatic_unlifted,weak_or_deterministic,8352,0.725,0.025248314605776596
pragmatic_unlifted,weak_or_deterministic,8352,0.775,0.043002679525481174
pragmatic_unlifted,weak_or_deterministic,8352,0.825,0.04024150992600335
pragmatic_unlifted,weak_or_deterministic,8352,0.875,0.09897301599581815
pragmatic_unlifted,weak_or_deterministic,8352,0.925,0.10973986675248236
pragmatic_unlifted,weak_or_deterministic,8352,0.975,0.5227090673323567
fixed_0.05,weak_or_deterministic,8352,0.075,0.004620329449578138
fixed_0.05,weak_or_deterministic,8352,0.125,0.09130172760144631
fixed_0.05,weak_or_deterministic,8352,0.175,0.17346323824829235
fixed_0.05,weak_or_deterministic,8352,0.225,0.10506227400562473
fixed_0.05,weak_or_deterministic,8352,0.275,0.07302129369224583
fixed_0.05,weak_or_deterministic,8352,0.325,0.041080755323423056
fixed_0.05,weak_or_deterministic,8352,0.375,0.009140216954600234
fixed_0.05,weak_or_deterministic,8352,0.425,0.01828043390920047
fixed_0.05,weak_or_deterministic,8352,0.475,0.009140216954600234
fixed_0.05,weak_or_deterministic,8352,0.525,0.03656086781840094
fixed_0.05,weak_or_deterministic,8352,0.575,0.004620329449578138
fixed_0.05,weak_or_deterministic,8352,0.625,0.013660104459622324
fixed_0.05,weak_or_deterministic,8352,0.675,0.03194053836882281
fixed_0.05,weak_or_deterministic,8352,0.725,0.01828043390920047
fixed_0.05,weak_or_deterministic,8352,0.775,0.02742065086380071
fixed_0.05,weak_or_deterministic,8352,0.825,0.022800321414222575
fixed_0.05,weak_or_deterministic,8352,0.875,0.0502209722780233
fixed_0.05,weak_or_deterministic,8352,0.925,0.0502209722780233
fixed_0.05,weak_or_deterministic,8352,0.975,0.21916432302129354
fixed_0.1,weak_or_deterministic,8352,0.125,0.09172552976791119
fixed_0.1,weak_or_deterministic,8352,0.175,0.174268415741675
fixed_0.1,weak_or_deterministic,8352,0.225,0.10554994954591321
fixed_0.1,weak_or_deterministic,8352,0.275,0.07336024217961654
fixed_0.1,weak_or_deterministic,8352,0.325,0.041271442986881936
fixed_0.1,weak_or_deterministic,8352,0.375,0.009182643794147327
fixed_0.1,weak_or_deterministic,8352,0.425,0.018365287588294647
fixed_0.1,weak_or_deterministic,8352,0.475,0.009182643794147327
fixed_0.1,weak_or_deterministic,8352,0.525,0.0367305751765893
fixed_0.1,weak_or_deterministic,8352,0.575,0.00464177598385469
fixed_0.1,weak_or_deterministic,8352,0.625,0.013723511604439957
fixed_0.1,weak_or_deterministic,8352,0.675,0.032088799192734614
fixed_0.1,weak_or_deterministic,8352,0.725,0.018365287588294647
fixed_0.1,weak_or_deterministic,8352,0.775,0.02754793138244198
fixed_0.1,weak_or_deterministic,8352,0.825,0.02290615539858728
fixed_0.1,weak_or_deterministic,8352,0.875,0.050454086781029264
fixed_0.1,weak_or_deterministic,8352,0.925,0.050454086781029264
fixed_0.1,weak_or_deterministic,8352,0.975,0.22018163471241167
fixed_0.3,weak_or_deterministic,8352,0.325,0.0743501181603345
fixed_0.3,weak_or_deterministic,8352,0.375,0.01654244682784948
fixed_0.3,weak_or_deterministic,8352,0.425,0.033084893655698965
fixed_0.3,weak_or_deterministic,8352,0.475,0.01654244682784948
fixed_0.3,weak_or_deterministic,8352,0.525,0.06616978731139793
fixed_0.3,weak_or_deterministic,8352,0.575,0.00836211597891292
fixed_0.3,weak_or_deterministic,8352,0.625,0.02472277767678603
fixed_0.3,weak_or_deterministic,8352,0.675,0.05780767133248502
fixed_0.3,weak_or_deterministic,8352,0.725,0.033084893655698965
fixed_0.3,weak_or_deterministic,8352,0.775,0.04962734048354846
fixed_0.3,weak_or_deterministic,8352,0.825,0.041265224504635524
fixed_0.3,weak_or_deterministic,8352,0.875,0.09089256498818399
fixed_0.3,weak_or_deterministic,8352,0.925,0.09089256498818399
fixed_0.3,weak_or_deterministic,8352,0.975,0.39665515360843484
prior,weak_or_half,8352,0.975,0.004597701149425292
prior,weak_or_half,8352,0.925,0.004597701149425292
prior,weak_or_half,8352,0.875,0.004597701149425292
prior,weak_or_half,8352,0.825,0.004597701149425292
prior,weak_or_half,8352,0.775,0.004597701149425292
prior,weak_or_half,8352,0.725,0.004597701149425292
prior,weak_or_half,8352,0.675,0.022688655672163924
prior,weak_or_half,8352,0.625,0.004597701149425292
prior,weak_or_half,8352,0.575,0.036381809095452286
prior,weak_or_half,8352,0.525,0.05457271364317841
prior,weak_or_half,8352,0.475,0.14532733633183412
prior,weak_or_half,8352,0.425,0.10454772613693152
prior,weak_or_half,8352,0.375,0.11814092953523236
prior,weak_or_half,8352,0.325,0.0817591204397801
prior,weak_or_half,8352,0.275,0.15902048975512248
prior,weak_or_half,8352,0.225,0.09995002498750626
prior,weak_or_half,8352,0.175,0.09995002498750626
prior,weak_or_half,8352,0.125,0.013593203398300852
prior,weak_or_half,8352,0.075,0.004597701149425292
prior,weak_or_half,8352,0.025,0.027286356821589215
literal,weak_or_half,8352,0.025,0.0019103012118167194
literal,weak_or_half,8352,0.075,0.0009012703153186575
literal,weak_or_half,8352,0.125,0.004567929051552942
literal,weak_or_half,8352,0.175,0.04758259428700978
literal,weak_or_half,8352,0.225,0.06157747495965976
literal,weak_or_half,8352,0.275,0.12023561781100478
literal,weak_or_half,8352,0.325,0.07326599929745696
literal,weak_or_half,8352,0.375,0.12241042226753453
literal,weak_or_half,8352,0.425,0.12296461954217137
literal,weak_or_half,8352,0.475,0.19127643108151035
literal,weak_or_half,8352,0.525,0.0794685304115755
literal,weak_or_half,8352,0.575,0.058073156839228264
literal,weak_or_half,8352,0.625,0.007982679935679544
literal,weak_or_half,8352,0.675,0.0425696280300667
literal,weak_or_half,8352,0.725,0.009270208957563341
literal,weak_or_half,8352,0.775,0.009913973468505234
literal,weak_or_half,8352,0.825,0.01055773797944714
literal,weak_or_half,8352,0.875,0.011201502490389027
literal,weak_or_half,8352,0.925,0.011845267001330949
literal,weak_or_half,8352,0.975,0.012424655061178633
pragmatic_unlifted,weak_or_half,8352,0.025,0.00011785604666037942
pragmatic_unlifted,weak_or_half,8352,0.075,0.00015554839204696361
pragmatic_unlifted,weak_or_half,8352,0.125,0.0013487479001350552
pragmatic_unlifted,weak_or_half,8352,0.175,0.01984193867952572
pragmatic_unlifted,weak_or_half,8352,0.225,0.03309267550026916
pragmatic_unlifted,weak_or_half,8352,0.275,0.07889210327313004
pragmatic_unlifted,weak_or_half,8352,0.325,0.05662320612643212
pragmatic_unlifted,weak_or_half,8352,0.375,0.10860050325702653
pragmatic_unlifted,weak_or_half,8352,0.425,0.1228244189305851
pragmatic_unlifted,weak_or_half,8352,0.475,0.21185684997662163
pragmatic_unlifted,weak_or_half,8352,0.525,0.09640634537087965
pragmatic_unlifted,weak_or_half,8352,0.575,0.07638176944311867
pragmatic_unlifted,weak_or_half,8352,0.625,0.011285838589534226
pragmatic_unlifted,weak_or_half,8352,0.675,0.06421813376117444
pragmatic_unlifted,weak_or_half,8352,0.725,0.014826706838743146
pragmatic_unlifted,weak_or_half,8352,0.775,0.016717287186612872
pragmatic_unlifted,weak_or_half,8352,0.825,0.018676562811004528
pragmatic_unlifted,weak_or_half,8352,0.875,0.02069609441791629
pragmatic_unlifted,weak_or_half,8352,0.925,0.02276761691223135
pragmatic_unlifted,weak_or_half,8352,0.975,0.02466979658635207
fixed_0.05,weak_or_half,8352,0.075,0.004726674886970823
fixed_0.05,weak_or_half,8352,0.125,0.013974517057131122
fixed_0.05,weak_or_half,8352,0.175,0.10275380189066999
fixed_0.05,weak_or_half,8352,0.225,0.10275380189066999
fixed_0.05,weak_or_half,8352,0.275,0.16348129880805595
fixed_0.05,weak_or_half,8352,0.325,0.08405260994656805
fixed_0.05,weak_or_half,8352,0.375,0.1214549938347719
fixed_0.05,weak_or_half,8352,0.425,0.10748047677764079
fixed_0.05,weak_or_half,8352,0.475,0.14940402794903418
fixed_0.05,weak_or_half,8352,0.525,0.05610357583230581
fixed_0.05,weak_or_half,8352,0.575,0.03740238388820388
fixed_0.05,weak_or_half,8352,0.625,0.004726674886970823
fixed_0.05,weak_or_half,8352,0.675,0.02332511302918209
fixed_0.05,weak_or_half,8352,0.725,0.004726674886970823
fixed_0.05,weak_or_half,8352,0.775,0.004726674886970823
fixed_0.05,weak_or_half,8352,0.825,0.004726674886970823
fixed_0.05,weak_or_half,8352,0.875,0.004726674886970823
fixed_0.05,weak_or_half,8352,0.925,0.004726674886970823
fixed_0.05,weak_or_half,8352,0.975,0.004726674886970823
fixed_0.1,weak_or_half,8352,0.125,0.0140408837497419
fixed_0.1,weak_or_half,8352,0.175,0.1032417922775139
fixed_0.1,weak_or_half,8352,0.225,0.1032417922775139
fixed_0.1,weak_or_half,8352,0.275,0.16425769151352468
fixed_0.1,weak_or_half,8352,0.325,0.08445178608300635
fixed_0.1,weak_or_half,8352,0.375,0.1220317984720214
fixed_0.1,weak_or_half,8352,0.425,0.10799091472227952
fixed_0.1,weak_or_half,8352,0.475,0.15011356597150527
fixed_0.1,weak_or_half,8352,0.525,0.056370018583522585
fixed_0.1,weak_or_half,8352,0.575,0.037580012389015066
fixed_0.1,weak_or_half,8352,0.625,0.004749122444765645
fixed_0.1,weak_or_half,8352,0.675,0.023435886846995657
fixed_0.1,weak_or_half,8352,0.725,0.004749122444765645
fixed_0.1,weak_or_half,8352,0.775,0.004749122444765645
fixed_0.1,weak_or_half,8352,0.825,0.004749122444765645
fixed_0.1,weak_or_half,8352,0.875,0.004749122444765645
fixed_0.1,weak_or_half,8352,0.925,0.004749122444765645
fixed_0.1,weak_or_half,8352,0.975,0.004749122444765645
fixed_0.3,weak_or_half,8352,0.325,0.1372713542540695
fixed_0.3,weak_or_half,8352,0.375,0.19835542876321532
fixed_0.3,weak_or_half,8352,0.425,0.17553280751803996
fixed_0.3,weak_or_half,8352,0.475,0.24400067125356617
fixed_0.3,weak_or_half,8352,0.525,0.09162611176371879
fixed_0.3,weak_or_half,8352,0.575,0.061084074509145846
fixed_0.3,weak_or_half,8352,0.625,0.007719416009397561
fixed_0.3,weak_or_half,8352,0.675,0.03809363987246185
fixed_0.3,weak_or_half,8352,0.725,0.007719416009397561
fixed_0.3,weak_or_half,8352,0.775,0.007719416009397561
fixed_0.3,weak_or_half,8352,0.825,0.007719416009397561
fixed_0.3,weak_or_half,8352,0.875,0.007719416009397561
fixed_0.3,weak_or_half,8352,0.925,0.007719416009397561
fixed_0.3,weak_or_half,8352,0.975,0.007719416009397561
prior,weak_or_strong,8352,0.975,0.004598620413875837
prior,weak_or_strong,8352,0.925,0.004598620413875837
prior,weak_or_strong,8352,0.875,0.004598620413875837
prior,weak_or_strong,8352,0.825,0.036389083275017484
prior,weak_or_strong,8352,0.775,0.05458362491252624
prior,weak_or_strong,8352,0.725,0.1272618214535639
prior,weak_or_strong,8352,0.675,0.09997000899730081
prior,weak_or_strong,8352,0.625,0.040887733679896024
prior,weak_or_strong,8352,0.575,0.022693192042387286
prior,weak_or_strong,8352,0.525,0.018194541637508742
prior,weak_or_strong,8352,0.475,0.049985004498650405
prior,weak_or_strong,8352,0.425,0.040887733679896024
prior,weak_or_strong,8352,0.375,0.040887733679896024
prior,weak_or_strong,8352,0.325,0.027291812456263116
prior,weak_or_strong,8352,0.275,0.06358092572228331
prior,weak_or_strong,8352,0.225,0.16355093471958412
prior,weak_or_strong,8352,0.175,0.09997000899730081
prior,weak_or_strong,8352,0.125,0.0863740877736679
prior,weak_or_strong,8352,0.075,0.004598620413875837
prior,weak_or_strong,8352,0.025,0.00909727081875437
literal,weak_or_strong,8352,0.025,0.0005210617750227031
literal,weak_or_strong,8352,0.075,0.0007375028200321332
literal,weak_or_strong,8352,0.125,0.02374667465246323
literal,weak_or_strong,8352,0.175,0.03893648428741076
literal,weak_or_strong,8352,0.225,0.08243540838073464
literal,weak_or_strong,8352,0.275,0.03933042989314223
literal,weak_or_strong,8352,0.325,0.020008772160871803
literal,weak_or_strong,8352,0.375,0.034660342160081625
literal,weak_or_strong,8352,0.425,0.03934417218171425
literal,weak_or_strong,8352,0.475,0.05382396357377371
literal,weak_or_strong,8352,0.525,0.021676169840944472
literal,weak_or_strong,8352,0.575,0.029635245305576978
literal,weak_or_strong,8352,0.625,0.05807949226824492
literal,weak_or_strong,8352,0.675,0.15345555572097205
literal,weak_or_strong,8352,0.725,0.2099272002262897
literal,weak_or_strong,8352,0.775,0.09629221602419559
literal,weak_or_strong,8352,0.825,0.06836330488297863
literal,weak_or_strong,8352,0.875,0.00916610647754225
literal,weak_or_strong,8352,0.925,0.009692894206136634
literal,weak_or_strong,8352,0.975,0.010167003161871567
pragmatic_unlifted,weak_or_strong,8352,0.025,0.000024156420874414374
pragmatic_unlifted,weak_or_strong,8352,0.075,0.00009567509815281649
pragmatic_unlifted,weak_or_strong,8352,0.125,0.005273881005154607
pragmatic_unlifted,weak_or_strong,8352,0.175,0.012225075855594398
pragmatic_unlifted,weak_or_strong,8352,0.225,0.03340215377536043
pragmatic_unlifted,weak_or_strong,8352,0.275,0.019490257216964374
pragmatic_unlifted,weak_or_strong,8352,0.325,0.011702559580373601
pragmatic_unlifted,weak_or_strong,8352,0.375,0.023325574413010815
pragmatic_unlifted,weak_or_strong,8352,0.425,0.029889674333821087
pragmatic_unlifted,weak_or_strong,8352,0.475,0.04547471633146679
pragmatic_unlifted,weak_or_strong,8352,0.525,0.020123524416759294
pragmatic_unlifted,weak_or_strong,8352,0.575,0.029932696507364787
pragmatic_unlifted,weak_or_strong,8352,0.625,0.06329220485670368
pragmatic_unlifted,weak_or_strong,8352,0.675,0.17914393888574315
pragmatic_unlifted,weak_or_strong,8352,0.725,0.2609141969885804
pragmatic_unlifted,weak_or_strong,8352,0.775,0.12673030204610117
pragmatic_unlifted,weak_or_strong,8352,0.825,0.0948190299311909
pragmatic_unlifted,weak_or_strong,8352,0.875,0.01334101084120511
pragmatic_unlifted,weak_or_strong,8352,0.925,0.014747756677839714
pragmatic_unlifted,weak_or_strong,8352,0.975,0.016051614817738164
fixed_0.05,weak_or_strong,8352,0.075,0.004640839386602103
fixed_0.05,weak_or_strong,8352,0.125,0.08716707021791771
fixed_0.05,weak_or_strong,8352,0.175,0.10088781275221959
fixed_0.05,weak_or_strong,8352,0.225,0.16505246166263124
fixed_0.05,weak_or_strong,8352,0.275,0.06416464891041165
fixed_0.05,weak_or_strong,8352,0.325,0.027542372881355942
fixed_0.05,weak_or_strong,8352,0.375,0.0412631154156578
fixed_0.05,weak_or_strong,8352,0.425,0.0412631154156578
fixed_0.05,weak_or_strong,8352,0.475,0.05044390637610979
fixed_0.05,weak_or_strong,8352,0.525,0.01836158192090396
fixed_0.05,weak_or_strong,8352,0.575,0.022901533494753847
fixed_0.05,weak_or_strong,8352,0.625,0.0412631154156578
fixed_0.05,weak_or_strong,8352,0.675,0.10088781275221959
fixed_0.05,weak_or_strong,8352,0.725,0.1284301856335755
fixed_0.05,weak_or_strong,8352,0.775,0.05508474576271189
fixed_0.05,weak_or_strong,8352,0.825,0.03672316384180792
fixed_0.05,weak_or_strong,8352,0.875,0.004640839386602103
fixed_0.05,weak_or_strong,8352,0.925,0.004640839386602103
fixed_0.05,weak_or_strong,8352,0.975,0.004640839386602103
fixed_0.1,weak_or_strong,8352,0.125,0.08757348469491183
fixed_0.1,weak_or_strong,8352,0.175,0.10135819987837019
fixed_0.1,weak_or_strong,8352,0.225,0.1658220150010136
fixed_0.1,weak_or_strong,8352,0.275,0.06446381512264344
fixed_0.1,weak_or_strong,8352,0.325,0.027670788566795057
fixed_0.1,weak_or_strong,8352,0.375,0.0414555037502534
fixed_0.1,weak_or_strong,8352,0.425,0.0414555037502534
fixed_0.1,weak_or_strong,8352,0.475,0.050679099939185096
fixed_0.1,weak_or_strong,8352,0.525,0.018447192377863367
fixed_0.1,weak_or_strong,8352,0.575,0.023008311372390036
fixed_0.1,weak_or_strong,8352,0.625,0.0414555037502534
fixed_0.1,weak_or_strong,8352,0.675,0.10135819987837019
fixed_0.1,weak_or_strong,8352,0.725,0.12902898844516522
fixed_0.1,weak_or_strong,8352,0.775,0.05534157713359012
fixed_0.1,weak_or_strong,8352,0.825,0.03689438475572674
fixed_0.1,weak_or_strong,8352,0.875,0.0046624771944050285
fixed_0.1,weak_or_strong,8352,0.925,0.0046624771944050285
fixed_0.1,weak_or_strong,8352,0.975,0.0046624771944050285
fixed_0.3,weak_or_strong,8352,0.325,0.047643979057591615
fixed_0.3,weak_or_strong,8352,0.375,0.07137870855148341
fixed_0.3,weak_or_strong,8352,0.425,0.07137870855148341
fixed_0.3,weak_or_strong,8352,0.475,0.08726003490401396
fixed_0.3,weak_or_strong,8352,0.525,0.031762652705061074
fixed_0.3,weak_or_strong,8352,0.575,0.039616055846422346
fixed_0.3,weak_or_strong,8352,0.625,0.07137870855148341
fixed_0.3,weak_or_strong,8352,0.675,0.17452006980802795
fixed_0.3,weak_or_strong,8352,0.725,0.2221640488656195
fixed_0.3,weak_or_strong,8352,0.775,0.09528795811518324
fixed_0.3,weak_or_strong,8352,0.825,0.06352530541012215
fixed_0.3,weak_or_strong,8352,0.875,0.008027923211169281
fixed_0.3,weak_or_strong,8352,0.925,0.008027923211169281
fixed_0.3,weak_or_strong,8352,0.975,0.008027923211169281
prior,half_or_deterministic,8353,0.975,0.17266546690661866
prior,half_or_deterministic,8353,0.925,0.11817636472705456
prior,half_or_deterministic,8353,0.875,0.013597280543891218
prior,half_or_deterministic,8353,0.825,0.03179364127174565
prior,half_or_deterministic,8353,0.775,0.02269546090781844
prior,half_or_deterministic,8353,0.725,0.01819636072785443
prior,half_or_deterministic,8353,0.675,0.03179364127174565
prior,half_or_deterministic,8353,0.625,0.05458908218356329
prior,half_or_deterministic,8353,0.575,0.03179364127174565
prior,half_or_deterministic,8353,0.525,0.19996000799840036
prior,half_or_deterministic,8353,0.475,0.17266546690661866
prior,half_or_deterministic,8353,0.425,0.03639272145570886
prior,half_or_deterministic,8353,0.375,0.009098180363927216
prior,half_or_deterministic,8353,0.325,0.01819636072785443
prior,half_or_deterministic,8353,0.275,0.009098180363927216
prior,half_or_deterministic,8353,0.225,0.01819636072785443
prior,half_or_deterministic,8353,0.175,0.004599080183963209
prior,half_or_deterministic,8353,0.125,0.004599080183963209
prior,half_or_deterministic,8353,0.075,0.004599080183963209
prior,half_or_deterministic,8353,0.025,0.027294541091781654
literal,half_or_deterministic,8353,0.025,0.001073751380537489
literal,half_or_deterministic,8353,0.075,0.0005065903949202509
literal,half_or_deterministic,8353,0.125,0.0008684406770061448
literal,half_or_deterministic,8353,0.175,0.001230290959092039
literal,half_or_deterministic,8353,0.225,0.006299341432486608
literal,half_or_deterministic,8353,0.275,0.0038655049699349597
literal,half_or_deterministic,8353,0.325,0.009162678447253242
literal,half_or_deterministic,8353,0.375,0.00529717347731828
literal,half_or_deterministic,8353,0.425,0.024052030924039736
literal,half_or_deterministic,8353,0.475,0.12770011107230392
literal,half_or_deterministic,8353,0.525,0.16361925798666516
literal,half_or_deterministic,8353,0.575,0.028516948752560473
literal,half_or_deterministic,8353,0.625,0.0532580684746595
literal,half_or_deterministic,8353,0.675,0.03351992221792199
literal,half_or_deterministic,8353,0.725,0.020616026506319777
literal,half_or_deterministic,8353,0.775,0.027499048176431902
literal,half_or_deterministic,8353,0.825,0.04102438241596418
literal,half_or_deterministic,8353,0.875,0.018614837120175195
literal,half_or_deterministic,8353,0.925,0.1710828133702105
literal,half_or_deterministic,8353,0.975,0.2621927812441987
pragmatic_unlifted,half_or_deterministic,8353,0.025,0.00003838086298378954
pragmatic_unlifted,half_or_deterministic,8353,0.075,0.000050687444129584574
pragmatic_unlifted,half_or_deterministic,8353,0.125,0.00014886336986885408
pragmatic_unlifted,half_or_deterministic,8353,0.175,0.0002984679911111333
pragmatic_unlifted,half_or_deterministic,8353,0.225,0.0019750921293581586
pragmatic_unlifted,half_or_deterministic,8353,0.275,0.0014849867587789637
pragmatic_unlifted,half_or_deterministic,8353,0.325,0.004163545438098127
pragmatic_unlifted,half_or_deterministic,8353,0.375,0.0027767144592644004
pragmatic_unlifted,half_or_deterministic,8353,0.425,0.014273743173669053
pragmatic_unlifted,half_or_deterministic,8353,0.475,0.08455431036836654
pragmatic_unlifted,half_or_deterministic,8353,0.525,0.11946857584049733
pragmatic_unlifted,half_or_deterministic,8353,0.575,0.022741759262848292
pragmatic_unlifted,half_or_deterministic,8353,0.625,0.04601674642143685
pragmatic_unlifted,half_or_deterministic,8353,0.675,0.03116544625570087
pragmatic_unlifted,half_or_deterministic,8353,0.725,0.020504801606144596
pragmatic_unlifted,half_or_deterministic,8353,0.775,0.029108294104835227
pragmatic_unlifted,half_or_deterministic,8353,0.825,0.04600702814001566
pragmatic_unlifted,half_or_deterministic,8353,0.875,0.022028168601458446
pragmatic_unlifted,half_or_deterministic,8353,0.925,0.2128627147132332
pragmatic_unlifted,half_or_deterministic,8353,0.975,0.34033167305820045
fixed_0.05,half_or_deterministic,8353,0.075,0.004728132387706858
fixed_0.05,half_or_deterministic,8353,0.125,0.004728132387706858
fixed_0.05,half_or_deterministic,8353,0.175,0.004728132387706858
fixed_0.05,half_or_deterministic,8353,0.225,0.01870695857744886
fixed_0.05,half_or_deterministic,8353,0.275,0.009353479288724433
fixed_0.05,half_or_deterministic,8353,0.325,0.01870695857744886
fixed_0.05,half_or_deterministic,8353,0.375,0.009353479288724433
fixed_0.05,half_or_deterministic,8353,0.425,0.037413917154897725
fixed_0.05,half_or_deterministic,8353,0.475,0.1775105355123856
fixed_0.05,half_or_deterministic,8353,0.525,0.20557097337855895
fixed_0.05,half_or_deterministic,8353,0.575,0.03268578476719086
fixed_0.05,half_or_deterministic,8353,0.625,0.05612087573234657
fixed_0.05,half_or_deterministic,8353,0.675,0.03268578476719086
fixed_0.05,half_or_deterministic,8353,0.725,0.01870695857744886
fixed_0.05,half_or_deterministic,8353,0.775,0.023332305478466438
fixed_0.05,half_or_deterministic,8353,0.825,0.03268578476719086
fixed_0.05,half_or_deterministic,8353,0.875,0.013978826189742007
fixed_0.05,half_or_deterministic,8353,0.925,0.12149244526672827
fixed_0.05,half_or_deterministic,8353,0.975,0.1775105355123856
fixed_0.1,half_or_deterministic,8353,0.125,0.0047505938242280304
fixed_0.1,half_or_deterministic,8353,0.175,0.0047505938242280304
fixed_0.1,half_or_deterministic,8353,0.225,0.018795827739336985
fixed_0.1,half_or_deterministic,8353,0.275,0.00939791386966849
fixed_0.1,half_or_deterministic,8353,0.325,0.018795827739336985
fixed_0.1,half_or_deterministic,8353,0.375,0.00939791386966849
fixed_0.1,half_or_deterministic,8353,0.425,0.03759165547867397
fixed_0.1,half_or_deterministic,8353,0.475,0.1783538159661262
fixed_0.1,half_or_deterministic,8353,0.525,0.2065475575751317
fixed_0.1,half_or_deterministic,8353,0.575,0.03284106165444593
fixed_0.1,half_or_deterministic,8353,0.625,0.056387483218010945
fixed_0.1,half_or_deterministic,8353,0.675,0.03284106165444593
fixed_0.1,half_or_deterministic,8353,0.725,0.018795827739336985
fixed_0.1,half_or_deterministic,8353,0.775,0.02344314778477745
fixed_0.1,half_or_deterministic,8353,0.825,0.03284106165444593
fixed_0.1,half_or_deterministic,8353,0.875,0.014045233915108951
fixed_0.1,half_or_deterministic,8353,0.925,0.1220696065269028
fixed_0.1,half_or_deterministic,8353,0.975,0.1783538159661262
fixed_0.3,half_or_deterministic,8353,0.325,0.019532088430993775
fixed_0.3,half_or_deterministic,8353,0.375,0.009766044215496891
fixed_0.3,half_or_deterministic,8353,0.425,0.03906417686198756
fixed_0.3,half_or_deterministic,8353,0.475,0.1853402017600343
fixed_0.3,half_or_deterministic,8353,0.525,0.21463833440652502
fixed_0.3,half_or_deterministic,8353,0.575,0.03412749517063747
fixed_0.3,half_or_deterministic,8353,0.625,0.05859626529298132
fixed_0.3,half_or_deterministic,8353,0.675,0.03412749517063747
fixed_0.3,half_or_deterministic,8353,0.725,0.019532088430993775
fixed_0.3,half_or_deterministic,8353,0.775,0.02436145095514059
fixed_0.3,half_or_deterministic,8353,0.825,0.03412749517063747
fixed_0.3,half_or_deterministic,8353,0.875,0.014595406739643702
fixed_0.3,half_or_deterministic,8353,0.925,0.12685125563425625
fixed_0.3,half_or_deterministic,8353,0.975,0.1853402017600343
prior,rare_deterministic,8353,0.975,0.23632910126961915
prior,rare_deterministic,8353,0.925,0.08637408777366792
prior,rare_deterministic,8353,0.875,0.11356593022093375
prior,rare_deterministic,8353,0.825,0.009097270818754378
prior,rare_deterministic,8353,0.775,0.009097270818754378
prior,rare_deterministic,8353,0.725,0.013595921223632913
prior,rare_deterministic,8353,0.675,0.013595921223632913
prior,rare_deterministic,8353,0.625,0.018194541637508756
prior,rare_deterministic,8353,0.575,0.004598620413875837
prior,rare_deterministic,8353,0.525,0.027291812456263116
prior,rare_deterministic,8353,0.475,0.05908227531740479
prior,rare_deterministic,8353,0.425,0.009097270818754378
prior,rare_deterministic,8353,0.375,0.013595921223632913
prior,rare_deterministic,8353,0.325,0.004598620413875837
prior,rare_deterministic,8353,0.275,0.009097270818754378
prior,rare_deterministic,8353,0.225,0.004598620413875837
prior,rare_deterministic,8353,0.175,0.004598620413875837
prior,rare_deterministic,8353,0.125,0.004598620413875837
prior,rare_deterministic,8353,0.075,0.049985004498650405
prior,rare_deterministic,8353,0.025,0.3090072978106567
literal,rare_deterministic,8353,0.025,0.014802094417345285
literal,rare_deterministic,8353,0.075,0.0067042808748894855
literal,rare_deterministic,8353,0.125,0.0010573608694111414
literal,rare_deterministic,8353,0.175,0.0014979278983324512
literal,rare_deterministic,8353,0.225,0.0019384949272537623
literal,rare_deterministic,8353,0.275,0.0047064051741724225
literal,rare_deterministic,8353,0.325,0.0028196289850963797
literal,rare_deterministic,8353,0.375,0.009638840389269699
literal,rare_deterministic,8353,0.425,0.007321074715379321
literal,rare_deterministic,8353,0.475,0.05320708853194437
literal,rare_deterministic,8353,0.525,0.0271925632285518
literal,rare_deterministic,8353,0.575,0.0050224641297029245
literal,rare_deterministic,8353,0.625,0.021614601540643742
literal,rare_deterministic,8353,0.675,0.017454116380569477
literal,rare_deterministic,8353,0.725,0.01875666237911941
literal,rare_deterministic,8353,0.775,0.013421970311528775
literal,rare_deterministic,8353,0.825,0.01429352682526441
literal,rare_deterministic,8353,0.875,0.1893135678363082
literal,rare_deterministic,8353,0.925,0.15225996519520463
literal,rare_deterministic,8353,0.975,0.4369773653900121
pragmatic_unlifted,rare_deterministic,8353,0.025,0.0004763133750247677
pragmatic_unlifted,rare_deterministic,8353,0.075,0.0006038007434366247
pragmatic_unlifted,rare_deterministic,8353,0.125,0.00016309265435269027
pragmatic_unlifted,rare_deterministic,8353,0.175,0.0003268431638055209
pragmatic_unlifted,rare_deterministic,8353,0.225,0.0005463118968325906
pragmatic_unlifted,rare_deterministic,8353,0.275,0.001623848317155305
pragmatic_unlifted,rare_deterministic,8353,0.325,0.0011496358955562168
pragmatic_unlifted,rare_deterministic,8353,0.375,0.004528555175192811
pragmatic_unlifted,rare_deterministic,8353,0.425,0.0038892245998307716
pragmatic_unlifted,rare_deterministic,8353,0.475,0.03149237491350665
pragmatic_unlifted,rare_deterministic,8353,0.525,0.017720944588672453
pragmatic_unlifted,rare_deterministic,8353,0.575,0.0035687780211548542
pragmatic_unlifted,rare_deterministic,8353,0.625,0.016609769220490057
pragmatic_unlifted,rare_deterministic,8353,0.675,0.014404561189979268
pragmatic_unlifted,rare_deterministic,8353,0.725,0.016524473961005804
pragmatic_unlifted,rare_deterministic,8353,0.775,0.012556604918044341
pragmatic_unlifted,rare_deterministic,8353,0.825,0.014133887300394159
pragmatic_unlifted,rare_deterministic,8353,0.875,0.1970490013805505
pragmatic_unlifted,rare_deterministic,8353,0.925,0.1662025948907569
pragmatic_unlifted,rare_deterministic,8353,0.975,0.4964293837942575
fixed_0.05,rare_deterministic,8353,0.075,0.07233796296296295
fixed_0.05,rare_deterministic,8353,0.125,0.006655092592592588
fixed_0.05,rare_deterministic,8353,0.175,0.006655092592592588
fixed_0.05,rare_deterministic,8353,0.225,0.006655092592592588
fixed_0.05,rare_deterministic,8353,0.275,0.013165509259259257
fixed_0.05,rare_deterministic,8353,0.325,0.006655092592592588
fixed_0.05,rare_deterministic,8353,0.375,0.019675925925925927
fixed_0.05,rare_deterministic,8353,0.425,0.013165509259259257
fixed_0.05,rare_deterministic,8353,0.475,0.08550347222222222
fixed_0.05,rare_deterministic,8353,0.525,0.03949652777777776
fixed_0.05,rare_deterministic,8353,0.575,0.006655092592592588
fixed_0.05,rare_deterministic,8353,0.625,0.026331018518518528
fixed_0.05,rare_deterministic,8353,0.675,0.019675925925925927
fixed_0.05,rare_deterministic,8353,0.725,0.019675925925925927
fixed_0.05,rare_deterministic,8353,0.775,0.013165509259259257
fixed_0.05,rare_deterministic,8353,0.825,0.013165509259259257
fixed_0.05,rare_deterministic,8353,0.875,0.16435185185185186
fixed_0.05,rare_deterministic,8353,0.925,0.12500000000000003
fixed_0.05,rare_deterministic,8353,0.975,0.3420138888888888
fixed_0.1,rare_deterministic,8353,0.125,0.007174048658764812
fixed_0.1,rare_deterministic,8353,0.175,0.007174048658764812
fixed_0.1,rare_deterministic,8353,0.225,0.007174048658764812
fixed_0.1,rare_deterministic,8353,0.275,0.014192139737991267
fixed_0.1,rare_deterministic,8353,0.325,0.007174048658764812
fixed_0.1,rare_deterministic,8353,0.375,0.02121023081721772
fixed_0.1,rare_deterministic,8353,0.425,0.014192139737991267
fixed_0.1,rare_deterministic,8353,0.475,0.09217092950717407
fixed_0.1,rare_deterministic,8353,0.525,0.042576419213973794
fixed_0.1,rare_deterministic,8353,0.575,0.007174048658764812
fixed_0.1,rare_deterministic,8353,0.625,0.028384279475982547
fixed_0.1,rare_deterministic,8353,0.675,0.02121023081721772
fixed_0.1,rare_deterministic,8353,0.725,0.02121023081721772
fixed_0.1,rare_deterministic,8353,0.775,0.014192139737991267
fixed_0.1,rare_deterministic,8353,0.825,0.014192139737991267
fixed_0.1,rare_deterministic,8353,0.875,0.17716781035558332
fixed_0.1,rare_deterministic,8353,0.925,0.13474734872114788
fixed_0.1,rare_deterministic,8353,0.975,0.36868371802869615
fixed_0.3,rare_deterministic,8353,0.325,0.007439754164644992
fixed_0.3,rare_deterministic,8353,0.375,0.021995794921559113
fixed_0.3,rare_deterministic,8353,0.425,0.014717774543102058
fixed_0.3,rare_deterministic,8353,0.475,0.09558466763706938
fixed_0.3,rare_deterministic,8353,0.525,0.04415332362930614
fixed_0.3,rare_deterministic,8353,0.575,0.007439754164644992
fixed_0.3,rare_deterministic,8353,0.625,0.02943554908620412
fixed_0.3,rare_deterministic,8353,0.675,0.021995794921559113
fixed_0.3,rare_deterministic,8353,0.725,0.021995794921559113
fixed_0.3,rare_deterministic,8353,0.775,0.014717774543102058
fixed_0.3,rare_deterministic,8353,0.825,0.014717774543102058
fixed_0.3,rare_deterministic,8353,0.875,0.18372958110949378
fixed_0.3,rare_deterministic,8353,0.925,0.13973799126637557
fixed_0.3,rare_deterministic,8353,0.975,0.3823386705482775
prior,rare_half,8353,0.975,0.004599080183963209
prior,rare_half,8353,0.925,0.004599080183963209
prior,rare_half,8353,0.875,0.009098180363927216
prior,rare_half,8353,0.825,0.004599080183963209
prior,rare_half,8353,0.775,0.004599080183963209
prior,rare_half,8353,0.725,0.009098180363927216
prior,rare_half,8353,0.675,0.013597280543891218
prior,rare_half,8353,0.625,0.013597280543891218
prior,rare_half,8353,0.575,0.009098180363927216
prior,rare_half,8353,0.525,0.07268546290741854
prior,rare_half,8353,0.475,0.20905818836232753
prior,rare_half,8353,0.425,0.09538092381523694
prior,rare_half,8353,0.375,0.0590881823635273
prior,rare_half,8353,0.325,0.03179364127174565
prior,rare_half,8353,0.275,0.05458908218356329
prior,rare_half,8353,0.225,0.013597280543891218
prior,rare_half,8353,0.175,0.03639272145570886
prior,rare_half,8353,0.125,0.027294541091781654
prior,rare_half,8353,0.075,0.0590881823635273
prior,rare_half,8353,0.025,0.2681463707258549
literal,rare_half,8353,0.025,0.02239351807011626
literal,rare_half,8353,0.075,0.013816850746617601
literal,rare_half,8353,0.125,0.010941262520164193
literal,rare_half,8353,0.175,0.020666829204754576
literal,rare_half,8353,0.225,0.009992752582518702
literal,rare_half,8353,0.275,0.04923568134073885
literal,rare_half,8353,0.325,0.033986046216480714
literal,rare_half,8353,0.375,0.07303192537497877
literal,rare_half,8353,0.425,0.13382005697739263
literal,rare_half,8353,0.475,0.3282278561337532
literal,rare_half,8353,0.525,0.12625869606602172
literal,rare_half,8353,0.575,0.017323665656926644
literal,rare_half,8353,0.625,0.028161393641643613
literal,rare_half,8353,0.675,0.030432473774034238
literal,rare_half,8353,0.725,0.02188252504032837
literal,rare_half,8353,0.775,0.011829655630775824
literal,rare_half,8353,0.825,0.01259781508731972
literal,rare_half,8353,0.875,0.026441384423730136
literal,rare_half,8353,0.925,0.01413413400040749
literal,rare_half,8353,0.975,0.01482547751129697
pragmatic_unlifted,rare_half,8353,0.025,0.0013044221128511212
pragmatic_unlifted,rare_half,8353,0.075,0.0022505948179417376
pragmatic_unlifted,rare_half,8353,0.125,0.0030463838007330876
pragmatic_unlifted,rare_half,8353,0.175,0.008116171979285717
pragmatic_unlifted,rare_half,8353,0.225,0.00504875403480043
pragmatic_unlifted,rare_half,8353,0.275,0.030306429822189413
pragmatic_unlifted,rare_half,8353,0.325,0.0245774615173338
pragmatic_unlifted,rare_half,8353,0.375,0.06044957282173183
pragmatic_unlifted,rare_half,8353,0.425,0.12429600108331894
pragmatic_unlifted,rare_half,8353,0.475,0.33682461673799774
pragmatic_unlifted,rare_half,8353,0.525,0.1413504332219887
pragmatic_unlifted,rare_half,8353,0.575,0.020937784740789323
pragmatic_unlifted,rare_half,8353,0.625,0.036420990443470316
pragmatic_unlifted,rare_half,8353,0.675,0.04179646785348713
pragmatic_unlifted,rare_half,8353,0.725,0.031705670178460155
pragmatic_unlifted,rare_half,8353,0.775,0.017977681213081142
pragmatic_unlifted,rare_half,8353,0.825,0.01997812539117623
pragmatic_unlifted,rare_half,8353,0.875,0.043557344575264376
pragmatic_unlifted,rare_half,8353,0.925,0.02408746202922369
pragmatic_unlifted,rare_half,8353,0.975,0.02596763162487495
fixed_0.05,rare_half,8353,0.075,0.08073770491803281
fixed_0.05,rare_half,8353,0.125,0.037295081967213116
fixed_0.05,rare_half,8353,0.175,0.04972677595628415
fixed_0.05,rare_half,8353,0.225,0.018579234972677588
fixed_0.05,rare_half,8353,0.275,0.07459016393442625
fixed_0.05,rare_half,8353,0.325,0.04344262295081968
fixed_0.05,rare_half,8353,0.375,0.08073770491803281
fixed_0.05,rare_half,8353,0.425,0.13032786885245895
fixed_0.05,rare_half,8353,0.475,0.28565573770491803
fixed_0.05,rare_half,8353,0.525,0.09931693989071037
fixed_0.05,rare_half,8353,0.575,0.012431693989071036
fixed_0.05,rare_half,8353,0.625,0.018579234972677588
fixed_0.05,rare_half,8353,0.675,0.018579234972677588
fixed_0.05,rare_half,8353,0.725,0.012431693989071036
fixed_0.05,rare_half,8353,0.775,0.006284153005464482
fixed_0.05,rare_half,8353,0.825,0.006284153005464482
fixed_0.05,rare_half,8353,0.875,0.012431693989071036
fixed_0.05,rare_half,8353,0.925,0.006284153005464482
fixed_0.05,rare_half,8353,0.975,0.006284153005464482
fixed_0.1,rare_half,8353,0.125,0.040570664288898814
fixed_0.1,rare_half,8353,0.175,0.05409421905186508
fixed_0.1,rare_half,8353,0.225,0.020211026898499032
fixed_0.1,rare_half,8353,0.275,0.0811413285777976
fixed_0.1,rare_half,8353,0.325,0.047258136424431565
fixed_0.1,rare_half,8353,0.375,0.0878288007133304
fixed_0.1,rare_half,8353,0.425,0.14177440927329468
fixed_0.1,rare_half,8353,0.475,0.3107445385644227
fixed_0.1,rare_half,8353,0.525,0.10803982761182943
fixed_0.1,rare_half,8353,0.575,0.013523554762966261
fixed_0.1,rare_half,8353,0.625,0.020211026898499032
fixed_0.1,rare_half,8353,0.675,0.020211026898499032
fixed_0.1,rare_half,8353,0.725,0.013523554762966261
fixed_0.1,rare_half,8353,0.775,0.006836082627433498
fixed_0.1,rare_half,8353,0.825,0.006836082627433498
fixed_0.1,rare_half,8353,0.875,0.013523554762966261
fixed_0.1,rare_half,8353,0.925,0.006836082627433498
fixed_0.1,rare_half,8353,0.975,0.006836082627433498
fixed_0.3,rare_half,8353,0.325,0.0587800369685767
fixed_0.3,rare_half,8353,0.375,0.10924214417744918
fixed_0.3,rare_half,8353,0.425,0.17634011090573007
fixed_0.3,rare_half,8353,0.475,0.38650646950092415
fixed_0.3,rare_half,8353,0.525,0.13438077634011092
fixed_0.3,rare_half,8353,0.575,0.016820702402957483
fixed_0.3,rare_half,8353,0.625,0.02513863216266173
fixed_0.3,rare_half,8353,0.675,0.02513863216266173
fixed_0.3,rare_half,8353,0.725,0.016820702402957483
fixed_0.3,rare_half,8353,0.775,0.008502772643253238
fixed_0.3,rare_half,8353,0.825,0.008502772643253238
fixed_0.3,rare_half,8353,0.875,0.016820702402957483
fixed_0.3,rare_half,8353,0.925,0.008502772643253238
fixed_0.3,rare_half,8353,0.975,0.008502772643253238
prior,rare_strong,8353,0.975,0.004599540045995401
prior,rare_strong,8353,0.925,0.004599540045995401
prior,rare_strong,8353,0.875,0.0181981801819818
prior,rare_strong,8353,0.825,0.0363963603639636
prior,rare_strong,8353,0.775,0.08639136086391361
prior,rare_strong,8353,0.725,0.19998000199980004
prior,rare_strong,8353,0.675,0.09999000099990003
prior,rare_strong,8353,0.625,0.0453954604539546
prior,rare_strong,8353,0.575,0.0181981801819818
prior,rare_strong,8353,0.525,0.013598640135986407
prior,rare_strong,8353,0.475,0.013598640135986407
prior,rare_strong,8353,0.425,0.004599540045995401
prior,rare_strong,8353,0.375,0.004599540045995401
prior,rare_strong,8353,0.325,0.013598640135986407
prior,rare_strong,8353,0.275,0.04999500049995001
prior,rare_strong,8353,0.225,0.013598640135986407
prior,rare_strong,8353,0.175,0.0181981801819818
prior,rare_strong,8353,0.125,0.027297270272972705
prior,rare_strong,8353,0.075,0.0453954604539546
prior,rare_strong,8353,0.025,0.28177182281771823
literal,rare_strong,8353,0.025,0.016578889155594446
literal,rare_strong,8353,0.075,0.007478738074730893
literal,rare_strong,8353,0.125,0.007709359953687359
literal,rare_strong,8353,0.175,0.007281062178482502
literal,rare_strong,8353,0.225,0.007041027161609457
literal,rare_strong,8353,0.275,0.03176934046849187
literal,rare_strong,8353,0.325,0.010241494053250122
literal,rare_strong,8353,0.375,0.004005290183509122
literal,rare_strong,8353,0.425,0.004546545613713054
literal,rare_strong,8353,0.475,0.01504219439071112
literal,rare_strong,8353,0.525,0.016642427836531463
literal,rare_strong,8353,0.575,0.024412973186676644
literal,rare_strong,8353,0.625,0.06624025151904517
literal,rare_strong,8353,0.675,0.15767006010288567
literal,rare_strong,8353,0.725,0.3388729649972468
literal,rare_strong,8353,0.775,0.1565593098287279
literal,rare_strong,8353,0.825,0.07024083513359591
literal,rare_strong,8353,0.875,0.03726190644282224
literal,rare_strong,8353,0.925,0.009959099915752428
literal,rare_strong,8353,0.975,0.010446229802935959
pragmatic_unlifted,rare_strong,8353,0.025,0.0006673808074487416
pragmatic_unlifted,rare_strong,8353,0.075,0.0008424104855533376
pragmatic_unlifted,rare_strong,8353,0.125,0.0014865292225276134
pragmatic_unlifted,rare_strong,8353,0.175,0.001984575283614461
pragmatic_unlifted,rare_strong,8353,0.225,0.0024763290167376627
pragmatic_unlifted,rare_strong,8353,0.275,0.013662365005602717
pragmatic_unlifted,rare_strong,8353,0.325,0.005197010332912354
pragmatic_unlifted,rare_strong,8353,0.375,0.0023380223527153443
pragmatic_unlifted,rare_strong,8353,0.425,0.002995074303670235
pragmatic_unlifted,rare_strong,8353,0.475,0.011016565367486977
pragmatic_unlifted,rare_strong,8353,0.525,0.01338813844778856
pragmatic_unlifted,rare_strong,8353,0.575,0.021358357215671066
pragmatic_unlifted,rare_strong,8353,0.625,0.06249917435724754
pragmatic_unlifted,rare_strong,8353,0.675,0.15929295195765253
pragmatic_unlifted,rare_strong,8353,0.725,0.364321914106343
pragmatic_unlifted,rare_strong,8353,0.775,0.17814288328454486
pragmatic_unlifted,rare_strong,8353,0.825,0.08418475542899748
pragmatic_unlifted,rare_strong,8353,0.875,0.04683841291341423
pragmatic_unlifted,rare_strong,8353,0.925,0.013079147390868285
pragmatic_unlifted,rare_strong,8353,0.975,0.014228002719203235
fixed_0.05,rare_strong,8353,0.075,0.06320478908534037
fixed_0.05,rare_strong,8353,0.125,0.038006404009466796
fixed_0.05,rare_strong,8353,0.175,0.025337602672977855
fixed_0.05,rare_strong,8353,0.225,0.018933593206181265
fixed_0.05,rare_strong,8353,0.275,0.06960879855213699
fixed_0.05,rare_strong,8353,0.325,0.018933593206181265
fixed_0.05,rare_strong,8353,0.375,0.006404009466796603
fixed_0.05,rare_strong,8353,0.425,0.006404009466796603
fixed_0.05,rare_strong,8353,0.475,0.018933593206181265
fixed_0.05,rare_strong,8353,0.525,0.018933593206181265
fixed_0.05,rare_strong,8353,0.575,0.025337602672977855
fixed_0.05,rare_strong,8353,0.625,0.06320478908534037
fixed_0.05,rare_strong,8353,0.675,0.139217597104274
fixed_0.05,rare_strong,8353,0.725,0.27843519420854795
fixed_0.05,rare_strong,8353,0.775,0.12028400389809271
fixed_0.05,rare_strong,8353,0.825,0.050675205345955716
fixed_0.05,rare_strong,8353,0.875,0.025337602672977855
fixed_0.05,rare_strong,8353,0.925,0.006404009466796603
fixed_0.05,rare_strong,8353,0.975,0.006404009466796603
fixed_0.1,rare_strong,8353,0.125,0.0405706642888988
fixed_0.1,rare_strong,8353,0.175,0.027047109525932526
fixed_0.1,rare_strong,8353,0.225,0.020211026898499043
fixed_0.1,rare_strong,8353,0.275,0.07430524595036411
fixed_0.1,rare_strong,8353,0.325,0.020211026898499043
fixed_0.1,rare_strong,8353,0.375,0.006836082627433498
fixed_0.1,rare_strong,8353,0.425,0.006836082627433498
fixed_0.1,rare_strong,8353,0.475,0.020211026898499043
fixed_0.1,rare_strong,8353,0.525,0.020211026898499043
fixed_0.1,rare_strong,8353,0.575,0.027047109525932526
fixed_0.1,rare_strong,8353,0.625,0.0674691633229306
fixed_0.1,rare_strong,8353,0.675,0.14861049190072823
fixed_0.1,rare_strong,8353,0.725,0.29722098380145634
fixed_0.1,rare_strong,8353,0.775,0.12839946500222915
fixed_0.1,rare_strong,8353,0.825,0.05409421905186505
fixed_0.1,rare_strong,8353,0.875,0.027047109525932526
fixed_0.1,rare_strong,8353,0.925,0.006836082627433498
fixed_0.1,rare_strong,8353,0.975,0.006836082627433498
fixed_0.3,rare_strong,8353,0.325,0.0241220290883292
fixed_0.3,rare_strong,8353,0.375,0.008158921603405464
fixed_0.3,rare_strong,8353,0.425,0.008158921603405464
fixed_0.3,rare_strong,8353,0.475,0.0241220290883292
fixed_0.3,rare_strong,8353,0.525,0.0241220290883292
fixed_0.3,rare_strong,8353,0.575,0.03228095069173465
fixed_0.3,rare_strong,8353,0.625,0.080525008868393
fixed_0.3,rare_strong,8353,0.675,0.17736786094359702
fixed_0.3,rare_strong,8353,0.725,0.354735721887194
fixed_0.3,rare_strong,8353,0.775,0.1532458318552678
fixed_0.3,rare_strong,8353,0.825,0.0645619013834693
fixed_0.3,rare_strong,8353,0.875,0.03228095069173465
fixed_0.3,rare_strong,8353,0.925,0.008158921603405464
fixed_0.3,rare_strong,8353,0.975,0.008158921603405464
prior,rare_weak,8353,0.975,0.004598620413875837
prior,rare_weak,8353,0.925,0.004598620413875837
prior,rare_weak,8353,0.875,0.004598620413875837
prior,rare_weak,8353,0.825,0.004598620413875837
prior,rare_weak,8353,0.775,0.004598620413875837
prior,rare_weak,8353,0.725,0.004598620413875837
prior,rare_weak,8353,0.675,0.004598620413875837
prior,rare_weak,8353,0.625,0.00909727081875437
prior,rare_weak,8353,0.575,0.004598620413875837
prior,rare_weak,8353,0.525,0.004598620413875837
prior,rare_weak,8353,0.475,0.00909727081875437
prior,rare_weak,8353,0.425,0.0135959212236329
prior,rare_weak,8353,0.375,0.004598620413875837
prior,rare_weak,8353,0.325,0.0135959212236329
prior,rare_weak,8353,0.275,0.08177546735979205
prior,rare_weak,8353,0.225,0.11356593022093375
prior,rare_weak,8353,0.175,0.09537138858342495
prior,rare_weak,8353,0.125,0.040887733679896024
prior,rare_weak,8353,0.075,0.13176047185844245
prior,rare_weak,8353,0.025,0.4452664200739779
literal,rare_weak,8353,0.025,0.07861202301528475
literal,rare_weak,8353,0.075,0.06513466765505314
literal,rare_weak,8353,0.125,0.03465000529492746
literal,rare_weak,8353,0.175,0.11449751138409399
literal,rare_weak,8353,0.225,0.17644110275689234
literal,rare_weak,8353,0.275,0.15592502382717366
literal,rare_weak,8353,0.325,0.030724699071622716
literal,rare_weak,8353,0.375,0.012015955381411274
literal,rare_weak,8353,0.425,0.04032616753150478
literal,rare_weak,8353,0.475,0.030195206325673324
literal,rare_weak,8353,0.525,0.01688728864414558
literal,rare_weak,8353,0.575,0.018511066398390345
literal,rare_weak,8353,0.625,0.039831974301952094
literal,rare_weak,8353,0.675,0.02175862190687991
literal,rare_weak,8353,0.725,0.023382399661124646
literal,rare_weak,8353,0.775,0.02500617741536944
literal,rare_weak,8353,0.825,0.026629955169614233
literal,rare_weak,8353,0.875,0.028253732923858996
literal,rare_weak,8353,0.925,0.02987751067810377
literal,rare_weak,8353,0.975,0.03133891065692403
pragmatic_unlifted,rare_weak,8353,0.025,0.007853469034556311
pragmatic_unlifted,rare_weak,8353,0.075,0.018114330607743586
pragmatic_unlifted,rare_weak,8353,0.125,0.016309749936475437
pragmatic_unlifted,rare_weak,8353,0.175,0.074898329580318
pragmatic_unlifted,rare_weak,8353,0.225,0.1456418299888398
pragmatic_unlifted,rare_weak,8353,0.275,0.15316153691135587
pragmatic_unlifted,rare_weak,8353,0.325,0.03450725593744407
pragmatic_unlifted,rare_weak,8353,0.375,0.014985640385706376
pragmatic_unlifted,rare_weak,8353,0.425,0.05461150197604345
pragmatic_unlifted,rare_weak,8353,0.475,0.043626921168380475
pragmatic_unlifted,rare_weak,8353,0.525,0.025664310760301352
pragmatic_unlifted,rare_weak,8353,0.575,0.02924966192436364
pragmatic_unlifted,rare_weak,8353,0.625,0.06481751899389117
pragmatic_unlifted,rare_weak,8353,0.675,0.036176024012635796
pragmatic_unlifted,rare_weak,8353,0.725,0.039458262520493226
pragmatic_unlifted,rare_weak,8353,0.775,0.04259476123977797
pragmatic_unlifted,rare_weak,8353,0.825,0.04557522703018584
pragmatic_unlifted,rare_weak,8353,0.875,0.04839463344360882
pragmatic_unlifted,rare_weak,8353,0.925,0.05105205496049361
pragmatic_unlifted,rare_weak,8353,0.975,0.053306979587385526
fixed_0.05,rare_weak,8353,0.075,0.23752027392322944
fixed_0.05,rare_weak,8353,0.125,0.07370697422959091
fixed_0.05,rare_weak,8353,0.175,0.17192286898540277
fixed_0.05,rare_weak,8353,0.225,0.2047215714543162
fixed_0.05,rare_weak,8353,0.275,0.14741394845918185
fixed_0.05,rare_weak,8353,0.325,0.024508920526220928
fixed_0.05,rare_weak,8353,0.375,0.008289781942692379
fixed_0.05,rare_weak,8353,0.425,0.024508920526220928
fixed_0.05,rare_weak,8353,0.475,0.016399351234456655
fixed_0.05,rare_weak,8353,0.525,0.008289781942692379
fixed_0.05,rare_weak,8353,0.575,0.008289781942692379
fixed_0.05,rare_weak,8353,0.625,0.016399351234456655
fixed_0.05,rare_weak,8353,0.675,0.008289781942692379
fixed_0.05,rare_weak,8353,0.725,0.008289781942692379
fixed_0.05,rare_weak,8353,0.775,0.008289781942692379
fixed_0.05,rare_weak,8353,0.825,0.008289781942692379
fixed_0.05,rare_weak,8353,0.875,0.008289781942692379
fixed_0.05,rare_weak,8353,0.925,0.008289781942692379
fixed_0.05,rare_weak,8353,0.975,0.008289781942692379
fixed_0.1,rare_weak,8353,0.125,0.09666745450248163
fixed_0.1,rare_weak,8353,0.175,0.22547861025762217
fixed_0.1,rare_weak,8353,0.225,0.2684944457575041
fixed_0.1,rare_weak,8353,0.275,0.19333490900496328
fixed_0.1,rare_weak,8353,0.325,0.03214370125265891
fixed_0.1,rare_weak,8353,0.375,0.010872134247222873
fixed_0.1,rare_weak,8353,0.425,0.03214370125265891
fixed_0.1,rare_weak,8353,0.475,0.021507917749940896
fixed_0.1,rare_weak,8353,0.525,0.010872134247222873
fixed_0.1,rare_weak,8353,0.575,0.010872134247222873
fixed_0.1,rare_weak,8353,0.625,0.021507917749940896
fixed_0.1,rare_weak,8353,0.675,0.010872134247222873
fixed_0.1,rare_weak,8353,0.725,0.010872134247222873
fixed_0.1,rare_weak,8353,0.775,0.010872134247222873
fixed_0.1,rare_weak,8353,0.825,0.010872134247222873
fixed_0.1,rare_weak,8353,0.875,0.010872134247222873
fixed_0.1,rare_weak,8353,0.925,0.010872134247222873
fixed_0.1,rare_weak,8353,0.975,0.010872134247222873
fixed_0.3,rare_weak,8353,0.325,0.14879649890590801
fixed_0.3,rare_weak,8353,0.375,0.05032822757111598
fixed_0.3,rare_weak,8353,0.425,0.14879649890590801
fixed_0.3,rare_weak,8353,0.475,0.099562363238512
fixed_0.3,rare_weak,8353,0.525,0.05032822757111598
fixed_0.3,rare_weak,8353,0.575,0.05032822757111598
fixed_0.3,rare_weak,8353,0.625,0.099562363238512
fixed_0.3,rare_weak,8353,0.675,0.05032822757111598
fixed_0.3,rare_weak,8353,0.725,0.05032822757111598
fixed_0.3,rare_weak,8353,0.775,0.05032822757111598
fixed_0.3,rare_weak,8353,0.825,0.05032822757111598
fixed_0.3,rare_weak,8353,0.875,0.05032822757111598
fixed_0.3,rare_weak,8353,0.925,0.05032822757111598
fixed_0.3,rare_weak,8353,0.975,0.05032822757111598
prior,strong_or_deterministic,8353,0.975,0.2363054778088764
prior,strong_or_deterministic,8353,0.925,0.05457816873250698
prior,strong_or_deterministic,8353,0.875,0.059076369452219106
prior,strong_or_deterministic,8353,0.825,0.12724910035985604
prior,strong_or_deterministic,8353,0.775,0.1453418632546981
prior,strong_or_deterministic,8353,0.725,0.18172730907636941
prior,strong_or_deterministic,8353,0.675,0.027289084366253488
prior,strong_or_deterministic,8353,0.625,0.04088364654138345
prior,strong_or_deterministic,8353,0.575,0.009096361455417834
prior,strong_or_deterministic,8353,0.525,0.009096361455417834
prior,strong_or_deterministic,8353,0.475,0.018192722910835672
prior,strong_or_deterministic,8353,0.425,0.004598160735705716
prior,strong_or_deterministic,8353,0.375,0.009096361455417834
prior,strong_or_deterministic,8353,0.325,0.004598160735705716
prior,strong_or_deterministic,8353,0.275,0.009096361455417834
prior,strong_or_deterministic,8353,0.225,0.0317872850859656
prior,strong_or_deterministic,8353,0.175,0.018192722910835672
prior,strong_or_deterministic,8353,0.125,0.004598160735705716
prior,strong_or_deterministic,8353,0.075,0.004598160735705716
prior,strong_or_deterministic,8353,0.025,0.004598160735705716
literal,strong_or_deterministic,8353,0.025,0.00015142656996434213
literal,strong_or_deterministic,8353,0.075,0.00042399439590015724
literal,strong_or_deterministic,8353,0.125,0.0007268475358288419
literal,strong_or_deterministic,8353,0.175,0.004074033108431956
literal,strong_or_deterministic,8353,0.225,0.009212002464961198
literal,strong_or_deterministic,8353,0.275,0.003235261586107729
literal,strong_or_deterministic,8353,0.325,0.00193826009554358
literal,strong_or_deterministic,8353,0.375,0.004433506617999482
literal,strong_or_deterministic,8353,0.425,0.002543966375400947
literal,strong_or_deterministic,8353,0.475,0.01126350329978246
literal,strong_or_deterministic,8353,0.525,0.006230874165837117
literal,strong_or_deterministic,8353,0.575,0.006829996681782989
literal,strong_or_deterministic,8353,0.625,0.03339021705352863
literal,strong_or_deterministic,8353,0.675,0.02408472514102422
literal,strong_or_deterministic,8353,0.725,0.17235767219176132
literal,strong_or_deterministic,8353,0.775,0.14742100800058977
literal,strong_or_deterministic,8353,0.825,0.13745055593302463
literal,strong_or_deterministic,8353,0.875,0.06770347780744859
literal,strong_or_deterministic,8353,0.925,0.06614312576042468
literal,strong_or_deterministic,8353,0.975,0.3003855452146572
pragmatic_unlifted,strong_or_deterministic,8353,0.025,0.000004796976835299363
pragmatic_unlifted,strong_or_deterministic,8353,0.075,0.00003760067734176648
pragmatic_unlifted,strong_or_deterministic,8353,0.125,0.00011045021211958759
pragmatic_unlifted,strong_or_deterministic,8353,0.175,0.0008764299216218841
pragmatic_unlifted,strong_or_deterministic,8353,0.225,0.002562239101431692
pragmatic_unlifted,strong_or_deterministic,8353,0.275,0.001103095359205116
pragmatic_unlifted,strong_or_deterministic,8353,0.325,0.000782162518996386
pragmatic_unlifted,strong_or_deterministic,8353,0.375,0.002065273946212218
pragmatic_unlifted,strong_or_deterministic,8353,0.425,0.0013427089543900433
pragmatic_unlifted,strong_or_deterministic,8353,0.475,0.006638727171270768
pragmatic_unlifted,strong_or_deterministic,8353,0.525,0.004053762214994299
pragmatic_unlifted,strong_or_deterministic,8353,0.575,0.004858415955659177
pragmatic_unlifted,strong_or_deterministic,8353,0.625,0.025763529874333488
pragmatic_unlifted,strong_or_deterministic,8353,0.675,0.020022049512710405
pragmatic_unlifted,strong_or_deterministic,8353,0.725,0.15348153954326793
pragmatic_unlifted,strong_or_deterministic,8353,0.775,0.1399099072280311
pragmatic_unlifted,strong_or_deterministic,8353,0.825,0.13841061455519568
pragmatic_unlifted,strong_or_deterministic,8353,0.875,0.07205370982249762
pragmatic_unlifted,strong_or_deterministic,8353,0.925,0.07413498955152367
pragmatic_unlifted,strong_or_deterministic,8353,0.975,0.35178799690236134
fixed_0.05,strong_or_deterministic,8353,0.075,0.004619401486242217
fixed_0.05,strong_or_deterministic,8353,0.125,0.004619401486242217
fixed_0.05,strong_or_deterministic,8353,0.175,0.01827676240208878
fixed_0.05,strong_or_deterministic,8353,0.225,0.031934123317935326
fixed_0.05,strong_or_deterministic,8353,0.275,0.00913838120104439
fixed_0.05,strong_or_deterministic,8353,0.325,0.004619401486242217
fixed_0.05,strong_or_deterministic,8353,0.375,0.00913838120104439
fixed_0.05,strong_or_deterministic,8353,0.425,0.004619401486242217
fixed_0.05,strong_or_deterministic,8353,0.475,0.01827676240208878
fixed_0.05,strong_or_deterministic,8353,0.525,0.00913838120104439
fixed_0.05,strong_or_deterministic,8353,0.575,0.00913838120104439
fixed_0.05,strong_or_deterministic,8353,0.625,0.04107250451897972
fixed_0.05,strong_or_deterministic,8353,0.675,0.027415143603133154
fixed_0.05,strong_or_deterministic,8353,0.725,0.18256678047800765
fixed_0.05,strong_or_deterministic,8353,0.775,0.1460132556738301
fixed_0.05,strong_or_deterministic,8353,0.825,0.12783691504318137
fixed_0.05,strong_or_deterministic,8353,0.875,0.05934926692106849
fixed_0.05,strong_or_deterministic,8353,0.925,0.054830287206266315
fixed_0.05,strong_or_deterministic,8353,0.975,0.23739706768427396
fixed_0.1,strong_or_deterministic,8353,0.125,0.004640839386602098
fixed_0.1,strong_or_deterministic,8353,0.175,0.018361581920903966
fixed_0.1,strong_or_deterministic,8353,0.225,0.03208232445520581
fixed_0.1,strong_or_deterministic,8353,0.275,0.009180790960451983
fixed_0.1,strong_or_deterministic,8353,0.325,0.004640839386602098
fixed_0.1,strong_or_deterministic,8353,0.375,0.009180790960451983
fixed_0.1,strong_or_deterministic,8353,0.425,0.004640839386602098
fixed_0.1,strong_or_deterministic,8353,0.475,0.018361581920903966
fixed_0.1,strong_or_deterministic,8353,0.525,0.009180790960451983
fixed_0.1,strong_or_deterministic,8353,0.575,0.009180790960451983
fixed_0.1,strong_or_deterministic,8353,0.625,0.0412631154156578
fixed_0.1,strong_or_deterministic,8353,0.675,0.02754237288135593
fixed_0.1,strong_or_deterministic,8353,0.725,0.1834140435835351
fixed_0.1,strong_or_deterministic,8353,0.775,0.1466908797417272
fixed_0.1,strong_or_deterministic,8353,0.825,0.1284301856335755
fixed_0.1,strong_or_deterministic,8353,0.875,0.059624697336561755
fixed_0.1,strong_or_deterministic,8353,0.925,0.05508474576271186
fixed_0.1,strong_or_deterministic,8353,0.975,0.23849878934624696
fixed_0.3,strong_or_deterministic,8353,0.325,0.004959568733153639
fixed_0.3,strong_or_deterministic,8353,0.375,0.009811320754716985
fixed_0.3,strong_or_deterministic,8353,0.425,0.004959568733153639
fixed_0.3,strong_or_deterministic,8353,0.475,0.019622641509433974
fixed_0.3,strong_or_deterministic,8353,0.525,0.009811320754716985
fixed_0.3,strong_or_deterministic,8353,0.575,0.009811320754716985
fixed_0.3,strong_or_deterministic,8353,0.625,0.04409703504043128
fixed_0.3,strong_or_deterministic,8353,0.675,0.02943396226415094
fixed_0.3,strong_or_deterministic,8353,0.725,0.196010781671159
fixed_0.3,strong_or_deterministic,8353,0.775,0.1567654986522911
fixed_0.3,strong_or_deterministic,8353,0.825,0.13725067385444745
fixed_0.3,strong_or_deterministic,8353,0.875,0.06371967654986524
fixed_0.3,strong_or_deterministic,8353,0.925,0.05886792452830189
fixed_0.3,strong_or_deterministic,8353,0.975,0.2548787061994609
prior,uniform,8353,0.975,0.013599999999999992
prior,uniform,8353,0.925,0.022699999999999998
prior,uniform,8353,0.875,0.018199999999999997
prior,uniform,8353,0.825,0.04999999999999999
prior,uniform,8353,0.775,0.05909999999999999
prior,uniform,8353,0.725,0.05459999999999998
prior,uniform,8353,0.675,0.06819999999999998
prior,uniform,8353,0.625,0.04089999999999998
prior,uniform,8353,0.575,0.07729999999999997
prior,uniform,8353,0.525,0.036399999999999995
prior,uniform,8353,0.475,0.0864
prior,uniform,8353,0.425,0.06819999999999998
prior,uniform,8353,0.375,0.09539999999999996
prior,uniform,8353,0.325,0.07269999999999999
prior,uniform,8353,0.275,0.06359999999999999
prior,uniform,8353,0.225,0.022699999999999998
prior,uniform,8353,0.175,0.02729999999999999
prior,uniform,8353,0.125,0.07729999999999997
prior,uniform,8353,0.075,0.03179999999999999
prior,uniform,8353,0.025,0.013599999999999992
literal,uniform,8353,0.025,0.0007140382010437554
literal,uniform,8353,0.075,0.0046748501044805895
literal,uniform,8353,0.125,0.019480642214358454
literal,uniform,8353,0.175,0.009746621444247257
literal,uniform,8353,0.225,0.01048796110591917
literal,uniform,8353,0.275,0.03606312937742168
literal,uniform,8353,0.325,0.04885701385024095
literal,uniform,8353,0.375,0.07412976594247786
literal,uniform,8353,0.425,0.06015561832558035
literal,uniform,8353,0.475,0.08528136255289659
literal,uniform,8353,0.525,0.03975092667457712
literal,uniform,8353,0.575,0.09253305051820271
literal,uniform,8353,0.625,0.05325464912372811
literal,uniform,8353,0.675,0.09596253399556878
literal,uniform,8353,0.725,0.08255961693950625
literal,uniform,8353,0.775,0.09556981298499465
literal,uniform,8353,0.825,0.08610460659645285
literal,uniform,8353,0.875,0.033253179045078914
literal,uniform,8353,0.925,0.04385874644293476
literal,uniform,8353,0.975,0.02756187456028894
pragmatic_unlifted,uniform,8353,0.025,0.00003171605806662644
pragmatic_unlifted,uniform,8353,0.075,0.0005811119577514049
pragmatic_unlifted,uniform,8353,0.125,0.004146502902111828
pragmatic_unlifted,uniform,8353,0.175,0.002933888230158074
pragmatic_unlifted,uniform,8353,0.225,0.004076040142826927
pragmatic_unlifted,uniform,8353,0.275,0.01715058439654063
pragmatic_unlifted,uniform,8353,0.325,0.02744105724449567
pragmatic_unlifted,uniform,8353,0.375,0.047944448776029214
pragmatic_unlifted,uniform,8353,0.425,0.043958255494921016
pragmatic_unlifted,uniform,8353,0.475,0.0693733072509242
pragmatic_unlifted,uniform,8353,0.525,0.035569258260441626
pragmatic_unlifted,uniform,8353,0.575,0.09018666678590262
pragmatic_unlifted,uniform,8353,0.625,0.056070365654546976
pragmatic_unlifted,uniform,8353,0.675,0.10837929496994689
pragmatic_unlifted,uniform,8353,0.725,0.09941063887410892
pragmatic_unlifted,uniform,8353,0.775,0.1220364972449898
pragmatic_unlifted,uniform,8353,0.825,0.11605194985986249
pragmatic_unlifted,uniform,8353,0.875,0.047107796546767694
pragmatic_unlifted,uniform,8353,0.925,0.06505982152702139
pragmatic_unlifted,uniform,8353,0.975,0.0424907978225863
fixed_0.05,uniform,8353,0.075,0.032238442822384424
fixed_0.05,uniform,8353,0.125,0.07836577453365773
fixed_0.05,uniform,8353,0.175,0.027676399026763988
fixed_0.05,uniform,8353,0.225,0.023012976480129767
fixed_0.05,uniform,8353,0.275,0.06447688564476886
fixed_0.05,uniform,8353,0.325,0.07370235198702353
fixed_0.05,uniform,8353,0.375,0.09671532846715326
fixed_0.05,uniform,8353,0.425,0.06914030819140309
fixed_0.05,uniform,8353,0.475,0.08759124087591244
fixed_0.05,uniform,8353,0.525,0.03690186536901866
fixed_0.05,uniform,8353,0.575,0.07836577453365773
fixed_0.05,uniform,8353,0.625,0.04146390916463909
fixed_0.05,uniform,8353,0.675,0.06914030819140309
fixed_0.05,uniform,8353,0.725,0.055352798053527975
fixed_0.05,uniform,8353,0.775,0.05991484184914843
fixed_0.05,uniform,8353,0.825,0.05068937550689375
fixed_0.05,uniform,8353,0.875,0.018450932684509327
fixed_0.05,uniform,8353,0.925,0.023012976480129767
fixed_0.05,uniform,8353,0.975,0.013787510137875103
fixed_0.1,uniform,8353,0.125,0.08097632516237165
fixed_0.1,uniform,8353,0.175,0.028598365807668127
fixed_0.1,uniform,8353,0.225,0.023779593547035408
fixed_0.1,uniform,8353,0.275,0.0666247642991829
fixed_0.1,uniform,8353,0.325,0.07615755290173895
fixed_0.1,uniform,8353,0.375,0.09993714644877433
fixed_0.1,uniform,8353,0.425,0.07144353655981563
fixed_0.1,uniform,8353,0.475,0.09050911376492773
fixed_0.1,uniform,8353,0.525,0.03813115441022418
fixed_0.1,uniform,8353,0.575,0.08097632516237165
fixed_0.1,uniform,8353,0.625,0.042845170752147485
fixed_0.1,uniform,8353,0.675,0.07144353655981563
fixed_0.1,uniform,8353,0.725,0.057196731615336255
fixed_0.1,uniform,8353,0.775,0.061910747957259586
fixed_0.1,uniform,8353,0.825,0.05237795935470353
fixed_0.1,uniform,8353,0.875,0.019065577205112087
fixed_0.1,uniform,8353,0.925,0.023779593547035408
fixed_0.1,uniform,8353,0.975,0.014246804944479365
fixed_0.3,uniform,8353,0.325,0.09519444808170748
fixed_0.3,uniform,8353,0.375,0.1249181615817729
fixed_0.3,uniform,8353,0.425,0.08930208196935968
fixed_0.3,uniform,8353,0.475,0.1131334293570774
fixed_0.3,uniform,8353,0.525,0.047662694775435374
fixed_0.3,uniform,8353,0.575,0.1012177556632185
fixed_0.3,uniform,8353,0.625,0.05355506088778314
fixed_0.3,uniform,8353,0.675,0.08930208196935968
fixed_0.3,uniform,8353,0.725,0.07149404216315305
fixed_0.3,uniform,8353,0.775,0.07738640827550085
fixed_0.3,uniform,8353,0.825,0.06547073458164199
fixed_0.3,uniform,8353,0.875,0.023831347387717687
fixed_0.3,uniform,8353,0.925,0.029723713500065467
fixed_0.3,uniform,8353,0.975,0.017808039806206617
prior,weak_or_deterministic,8353,0.975,0.1954804519548045
prior,weak_or_deterministic,8353,0.925,0.022697730226977297
prior,weak_or_deterministic,8353,0.875,0.05459454054594539
prior,weak_or_deterministic,8353,0.825,0.013598640135986407
prior,weak_or_deterministic,8353,0.775,0.02729727027297269
prior,weak_or_deterministic,8353,0.725,0.04999500049994999
prior,weak_or_deterministic,8353,0.675,0.0181981801819818
prior,weak_or_deterministic,8353,0.625,0.013598640135986407
prior,weak_or_deterministic,8353,0.575,0.004599540045995401
prior,weak_or_deterministic,8353,0.525,0.0181981801819818
prior,weak_or_deterministic,8353,0.475,0.013598640135986407
prior,weak_or_deterministic,8353,0.425,0.08639136086391358
prior,weak_or_deterministic,8353,0.375,0.04089591040895908
prior,weak_or_deterministic,8353,0.325,0.04999500049994999
prior,weak_or_deterministic,8353,0.275,0.08639136086391358
prior,weak_or_deterministic,8353,0.225,0.04999500049994999
prior,weak_or_deterministic,8353,0.175,0.09539046095390456
prior,weak_or_deterministic,8353,0.125,0.11358864113588636
prior,weak_or_deterministic,8353,0.075,0.04089591040895908
prior,weak_or_deterministic,8353,0.025,0.004599540045995401
literal,weak_or_deterministic,8353,0.025,0.00023050827073697462
literal,weak_or_deterministic,8353,0.075,0.0057386537314779015
literal,weak_or_deterministic,8353,0.125,0.02732424997118644
literal,weak_or_deterministic,8353,0.175,0.032507679433150055
literal,weak_or_deterministic,8353,0.225,0.022048617200928045
literal,weak_or_deterministic,8353,0.275,0.04675910382393171
literal,weak_or_deterministic,8353,0.325,0.03207071592862259
literal,weak_or_deterministic,8353,0.375,0.030332884009240342
literal,weak_or_deterministic,8353,0.425,0.07273638372611599
literal,weak_or_deterministic,8353,0.475,0.012812251013484734
literal,weak_or_deterministic,8353,0.525,0.018969828471780283
literal,weak_or_deterministic,8353,0.575,0.005255588572803027
literal,weak_or_deterministic,8353,0.625,0.016901267294384122
literal,weak_or_deterministic,8353,0.675,0.024441894377101515
literal,weak_or_deterministic,8353,0.725,0.07215911083940085
literal,weak_or_deterministic,8353,0.775,0.04213490747097347
literal,weak_or_deterministic,8353,0.825,0.022353289002249973
literal,weak_or_deterministic,8353,0.875,0.09521394675258937
literal,weak_or_deterministic,8353,0.925,0.04186030196583472
literal,weak_or_deterministic,8353,0.975,0.3781488181440078
pragmatic_unlifted,weak_or_deterministic,8353,0.025,0.00000871502044507424
pragmatic_unlifted,weak_or_deterministic,8353,0.075,0.0006072201218675171
pragmatic_unlifted,weak_or_deterministic,8353,0.125,0.004951252277185158
pragmatic_unlifted,weak_or_deterministic,8353,0.175,0.008331642867071705
pragmatic_unlifted,weak_or_deterministic,8353,0.225,0.007297495768944371
pragmatic_unlifted,weak_or_deterministic,8353,0.275,0.018942582372274752
pragmatic_unlifted,weak_or_deterministic,8353,0.325,0.015348804481381555
pragmatic_unlifted,weak_or_deterministic,8353,0.375,0.016722743288044652
pragmatic_unlifted,weak_or_deterministic,8353,0.425,0.04532536931811349
pragmatic_unlifted,weak_or_deterministic,8353,0.475,0.008891743597122052
pragmatic_unlifted,weak_or_deterministic,8353,0.525,0.014488783668993796
pragmatic_unlifted,weak_or_deterministic,8353,0.575,0.004374664635901137
pragmatic_unlifted,weak_or_deterministic,8353,0.625,0.015206474764494559
pragmatic_unlifted,weak_or_deterministic,8353,0.675,0.023604024953811018
pragmatic_unlifted,weak_or_deterministic,8353,0.725,0.07434521480041228
pragmatic_unlifted,weak_or_deterministic,8353,0.775,0.0460695319364504
pragmatic_unlifted,weak_or_deterministic,8353,0.825,0.02581615260911422
pragmatic_unlifted,weak_or_deterministic,8353,0.875,0.11566974235046361
pragmatic_unlifted,weak_or_deterministic,8353,0.925,0.053292673329033244
pragmatic_unlifted,weak_or_deterministic,8353,0.975,0.5007051678388752
fixed_0.05,weak_or_deterministic,8353,0.075,0.041084881968859885
fixed_0.05,weak_or_deterministic,8353,0.125,0.11411351079859369
fixed_0.05,weak_or_deterministic,8353,0.175,0.09583124058262182
fixed_0.05,weak_or_deterministic,8353,0.225,0.050226017076845826
fixed_0.05,weak_or_deterministic,8353,0.275,0.08679055750878958
fixed_0.05,weak_or_deterministic,8353,0.325,0.050226017076845826
fixed_0.05,weak_or_deterministic,8353,0.375,0.041084881968859885
fixed_0.05,weak_or_deterministic,8353,0.425,0.08679055750878958
fixed_0.05,weak_or_deterministic,8353,0.475,0.013661476644902068
fixed_0.05,weak_or_deterministic,8353,0.525,0.018282270215971893
fixed_0.05,weak_or_deterministic,8353,0.575,0.00462079357106982
fixed_0.05,weak_or_deterministic,8353,0.625,0.013661476644902068
fixed_0.05,weak_or_deterministic,8353,0.675,0.018282270215971893
fixed_0.05,weak_or_deterministic,8353,0.725,0.050226017076845826
fixed_0.05,weak_or_deterministic,8353,0.775,0.02742340532395782
fixed_0.05,weak_or_deterministic,8353,0.825,0.013661476644902068
fixed_0.05,weak_or_deterministic,8353,0.875,0.05484681064791564
fixed_0.05,weak_or_deterministic,8353,0.925,0.02280261175288801
fixed_0.05,weak_or_deterministic,8353,0.975,0.19638372677046725
fixed_0.1,weak_or_deterministic,8353,0.125,0.11900272365388641
fixed_0.1,weak_or_deterministic,8353,0.175,0.09993714644877433
fixed_0.1,weak_or_deterministic,8353,0.225,0.05237795935470353
fixed_0.1,weak_or_deterministic,8353,0.275,0.0905091137649277
fixed_0.1,weak_or_deterministic,8353,0.325,0.05237795935470353
fixed_0.1,weak_or_deterministic,8353,0.375,0.042845170752147485
fixed_0.1,weak_or_deterministic,8353,0.425,0.0905091137649277
fixed_0.1,weak_or_deterministic,8353,0.475,0.014246804944479377
fixed_0.1,weak_or_deterministic,8353,0.525,0.019065577205112087
fixed_0.1,weak_or_deterministic,8353,0.575,0.004818772260632729
fixed_0.1,weak_or_deterministic,8353,0.625,0.014246804944479377
fixed_0.1,weak_or_deterministic,8353,0.675,0.019065577205112087
fixed_0.1,weak_or_deterministic,8353,0.725,0.05237795935470353
fixed_0.1,weak_or_deterministic,8353,0.775,0.028598365807668127
fixed_0.1,weak_or_deterministic,8353,0.825,0.014246804944479377
fixed_0.1,weak_or_deterministic,8353,0.875,0.057196731615336255
fixed_0.1,weak_or_deterministic,8353,0.925,0.023779593547035408
fixed_0.1,weak_or_deterministic,8353,0.975,0.20479782107689093
fixed_0.3,weak_or_deterministic,8353,0.325,0.08207485226526594
fixed_0.3,weak_or_deterministic,8353,0.375,0.06713722915298752
fixed_0.3,weak_or_deterministic,8353,0.425,0.1418253447143795
fixed_0.3,weak_or_deterministic,8353,0.475,0.02232435981615235
fixed_0.3,weak_or_deterministic,8353,0.525,0.029875246224556805
fixed_0.3,weak_or_deterministic,8353,0.575,0.007550886408404469
fixed_0.3,weak_or_deterministic,8353,0.625,0.02232435981615235
fixed_0.3,weak_or_deterministic,8353,0.675,0.029875246224556805
fixed_0.3,weak_or_deterministic,8353,0.725,0.08207485226526594
fixed_0.3,weak_or_deterministic,8353,0.775,0.04481286933683519
fixed_0.3,weak_or_deterministic,8353,0.825,0.02232435981615235
fixed_0.3,weak_or_deterministic,8353,0.875,0.08962573867367041
fixed_0.3,weak_or_deterministic,8353,0.925,0.03726198292843074
fixed_0.3,weak_or_deterministic,8353,0.975,0.32091267235718984
prior,weak_or_half,8353,0.975,0.004598620413875837
prior,weak_or_half,8353,0.925,0.00909727081875437
prior,weak_or_half,8353,0.875,0.004598620413875837
prior,weak_or_half,8353,0.825,0.004598620413875837
prior,weak_or_half,8353,0.775,0.00909727081875437
prior,weak_or_half,8353,0.725,0.004598620413875837
prior,weak_or_half,8353,0.675,0.022693192042387296
prior,weak_or_half,8353,0.625,0.00909727081875437
prior,weak_or_half,8353,0.575,0.0363890832750175
prior,weak_or_half,8353,0.525,0.0726781965410377
prior,weak_or_half,8353,0.475,0.1363590922723183
prior,weak_or_half,8353,0.425,0.08177546735979209
prior,weak_or_half,8353,0.375,0.09997000899730085
prior,weak_or_half,8353,0.325,0.09087273817854646
prior,weak_or_half,8353,0.275,0.20903728881335598
prior,weak_or_half,8353,0.225,0.11356593022093375
prior,weak_or_half,8353,0.175,0.06817954613615916
prior,weak_or_half,8353,0.125,0.00909727081875437
prior,weak_or_half,8353,0.075,0.00909727081875437
prior,weak_or_half,8353,0.025,0.004598620413875837
literal,weak_or_half,8353,0.025,0.00031102432480675893
literal,weak_or_half,8353,0.075,0.0017228043034948296
literal,weak_or_half,8353,0.125,0.0029533788059911375
literal,weak_or_half,8353,0.175,0.0313566610592136
literal,weak_or_half,8353,0.225,0.06759234717887412
literal,weak_or_half,8353,0.275,0.15269130700534955
literal,weak_or_half,8353,0.325,0.07867022226068701
literal,weak_or_half,8353,0.375,0.1000686958073921
literal,weak_or_half,8353,0.425,0.09291784089618274
literal,weak_or_half,8353,0.475,0.17338389056271053
literal,weak_or_half,8353,0.525,0.1022431615216933
literal,weak_or_half,8353,0.575,0.056114197313831674
literal,weak_or_half,8353,0.625,0.015259123830954218
literal,weak_or_half,8353,0.675,0.04113364309553051
literal,weak_or_half,8353,0.725,0.008957500554434658
literal,weak_or_half,8353,0.775,0.018950847338443145
literal,weak_or_half,8353,0.825,0.010201597853661714
literal,weak_or_half,8353,0.875,0.01082364650327523
literal,weak_or_half,8353,0.925,0.022642570845932068
literal,weak_or_half,8353,0.975,0.012005538937540906
pragmatic_unlifted,weak_or_half,8353,0.025,0.000018772023320484655
pragmatic_unlifted,weak_or_half,8353,0.075,0.00029089725481682755
pragmatic_unlifted,weak_or_half,8353,0.125,0.0008532622535883333
pragmatic_unlifted,weak_or_half,8353,0.175,0.012796963964622259
pragmatic_unlifted,weak_or_half,8353,0.225,0.035560495572653554
pragmatic_unlifted,weak_or_half,8353,0.275,0.0981122655760444
pragmatic_unlifted,weak_or_half,8353,0.325,0.05956451239291754
pragmatic_unlifted,weak_or_half,8353,0.375,0.08701634357592036
pragmatic_unlifted,weak_or_half,8353,0.425,0.09101706378725022
pragmatic_unlifted,weak_or_half,8353,0.475,0.18843595689791673
pragmatic_unlifted,weak_or_half,8353,0.525,0.12178587355134352
pragmatic_unlifted,weak_or_half,8353,0.575,0.07251692644322341
pragmatic_unlifted,weak_or_half,8353,0.625,0.021212291425425425
pragmatic_unlifted,weak_or_half,8353,0.675,0.06106145605050791
pragmatic_unlifted,weak_or_half,8353,0.725,0.01410946677571632
pragmatic_unlifted,weak_or_half,8353,0.775,0.03149830495294444
pragmatic_unlifted,weak_or_half,8353,0.825,0.01780412116315074
pragmatic_unlifted,weak_or_half,8353,0.875,0.019747402460303137
pragmatic_unlifted,weak_or_half,8353,0.925,0.04301612975743016
pragmatic_unlifted,weak_or_half,8353,0.975,0.02358149412090393
fixed_0.05,weak_or_half,8353,0.075,0.009139298985638237
fixed_0.05,weak_or_half,8353,0.125,0.009139298985638237
fixed_0.05,weak_or_half,8353,0.175,0.0684945264637943
fixed_0.05,weak_or_half,8353,0.225,0.1140905895350005
fixed_0.05,weak_or_half,8353,0.275,0.21000301295570947
fixed_0.05,weak_or_half,8353,0.325,0.0912925579993974
fixed_0.05,weak_or_half,8353,0.375,0.10043185698503566
fixed_0.05,weak_or_half,8353,0.425,0.08215325901375917
fixed_0.05,weak_or_half,8353,0.475,0.13698905292758853
fixed_0.05,weak_or_half,8353,0.525,0.07301396002812091
fixed_0.05,weak_or_half,8353,0.575,0.036557195942552974
fixed_0.05,weak_or_half,8353,0.625,0.009139298985638237
fixed_0.05,weak_or_half,8353,0.675,0.0227980315356031
fixed_0.05,weak_or_half,8353,0.725,0.004619865421311638
fixed_0.05,weak_or_half,8353,0.775,0.009139298985638237
fixed_0.05,weak_or_half,8353,0.825,0.004619865421311638
fixed_0.05,weak_or_half,8353,0.875,0.004619865421311638
fixed_0.05,weak_or_half,8353,0.925,0.009139298985638237
fixed_0.05,weak_or_half,8353,0.975,0.004619865421311638
fixed_0.1,weak_or_half,8353,0.125,0.009223596188931683
fixed_0.1,weak_or_half,8353,0.175,0.06912629231704845
fixed_0.1,weak_or_half,8353,0.225,0.11514291506182851
fixed_0.1,weak_or_half,8353,0.275,0.21193999594567198
fixed_0.1,weak_or_half,8353,0.325,0.09213460368943849
fixed_0.1,weak_or_half,8353,0.375,0.10135819987837019
fixed_0.1,weak_or_half,8353,0.425,0.08291100750050681
fixed_0.1,weak_or_half,8353,0.475,0.13825258463409687
fixed_0.1,weak_or_half,8353,0.525,0.07368741131157511
fixed_0.1,weak_or_half,8353,0.575,0.03689438475572674
fixed_0.1,weak_or_half,8353,0.625,0.009223596188931683
fixed_0.1,weak_or_half,8353,0.675,0.023008311372390036
fixed_0.1,weak_or_half,8353,0.725,0.0046624771944050285
fixed_0.1,weak_or_half,8353,0.775,0.009223596188931683
fixed_0.1,weak_or_half,8353,0.825,0.0046624771944050285
fixed_0.1,weak_or_half,8353,0.875,0.0046624771944050285
fixed_0.1,weak_or_half,8353,0.925,0.009223596188931683
fixed_0.1,weak_or_half,8353,0.975,0.0046624771944050285
fixed_0.3,weak_or_half,8353,0.325,0.15496079099897714
fixed_0.3,weak_or_half,8353,0.375,0.170473917490624
fixed_0.3,weak_or_half,8353,0.425,0.13944766450733037
fixed_0.3,weak_or_half,8353,0.475,0.23252642345721092
fixed_0.3,weak_or_half,8353,0.525,0.12393453801568359
fixed_0.3,weak_or_half,8353,0.575,0.06205250596658711
fixed_0.3,weak_or_half,8353,0.625,0.01551312649164676
fixed_0.3,weak_or_half,8353,0.675,0.038697579270371645
fixed_0.3,weak_or_half,8353,0.725,0.007841800204568695
fixed_0.3,weak_or_half,8353,0.775,0.01551312649164676
fixed_0.3,weak_or_half,8353,0.825,0.007841800204568695
fixed_0.3,weak_or_half,8353,0.875,0.007841800204568695
fixed_0.3,weak_or_half,8353,0.925,0.01551312649164676
fixed_0.3,weak_or_half,8353,0.975,0.007841800204568695
prior,weak_or_strong,8353,0.975,0.004598160735705716
prior,weak_or_strong,8353,0.925,0.004598160735705716
prior,weak_or_strong,8353,0.875,0.004598160735705716
prior,weak_or_strong,8353,0.825,0.009096361455417834
prior,weak_or_strong,8353,0.775,0.036385445821671344
prior,weak_or_strong,8353,0.725,0.15453818472610956
prior,weak_or_strong,8353,0.675,0.13174730107956817
prior,weak_or_strong,8353,0.625,0.04088364654138345
prior,weak_or_strong,8353,0.575,0.027289084366253498
prior,weak_or_strong,8353,0.525,0.027289084366253498
prior,weak_or_strong,8353,0.475,0.054578168732507
prior,weak_or_strong,8353,0.425,0.06817273090763694
prior,weak_or_strong,8353,0.375,0.04538184726109556
prior,weak_or_strong,8353,0.325,0.04998000799680129
prior,weak_or_strong,8353,0.275,0.04538184726109556
prior,weak_or_strong,8353,0.225,0.14994002399040385
prior,weak_or_strong,8353,0.175,0.06817273090763694
prior,weak_or_strong,8353,0.125,0.06817273090763694
prior,weak_or_strong,8353,0.075,0.004598160735705716
prior,weak_or_strong,8353,0.025,0.004598160735705716
literal,weak_or_strong,8353,0.025,0.0002524847795588317
literal,weak_or_strong,8353,0.075,0.0007069573827647281
literal,weak_or_strong,8353,0.125,0.01796813422529984
literal,weak_or_strong,8353,0.175,0.025454856819174764
literal,weak_or_strong,8353,0.225,0.07245215413427356
literal,weak_or_strong,8353,0.275,0.02691268198114924
literal,weak_or_strong,8353,0.325,0.03512831715601143
literal,weak_or_strong,8353,0.375,0.03688034197416749
literal,weak_or_strong,8353,0.425,0.06288846978854942
literal,weak_or_strong,8353,0.475,0.0563414296785978
literal,weak_or_strong,8353,0.525,0.03116759939667116
literal,weak_or_strong,8353,0.575,0.034164483954043395
literal,weak_or_strong,8353,0.625,0.055673991652633634
literal,weak_or_strong,8353,0.675,0.19387757342367168
literal,weak_or_strong,8353,0.725,0.24438770245437172
literal,weak_or_strong,8353,0.775,0.06153602957804305
literal,weak_or_strong,8353,0.825,0.01638296891363483
literal,weak_or_strong,8353,0.875,0.008786470328647359
literal,weak_or_strong,8353,0.925,0.009291439887765032
literal,weak_or_strong,8353,0.975,0.00974591249097092
pragmatic_unlifted,weak_or_strong,8353,0.025,0.000011700672515370224
pragmatic_unlifted,weak_or_strong,8353,0.075,0.00009168161369277729
pragmatic_unlifted,weak_or_strong,8353,0.125,0.0039896248122823766
pragmatic_unlifted,weak_or_strong,8353,0.175,0.007991709697177591
pragmatic_unlifted,weak_or_strong,8353,0.225,0.029361853040072255
pragmatic_unlifted,weak_or_strong,8353,0.275,0.013342549200597364
pragmatic_unlifted,weak_or_strong,8353,0.325,0.020561553192550125
pragmatic_unlifted,weak_or_strong,8353,0.375,0.02484854291263989
pragmatic_unlifted,weak_or_strong,8353,0.425,0.04785299240410462
pragmatic_unlifted,weak_or_strong,8353,0.475,0.04770150114108242
pragmatic_unlifted,weak_or_strong,8353,0.525,0.029011367854093608
pragmatic_unlifted,weak_or_strong,8353,0.575,0.03461856724239186
pragmatic_unlifted,weak_or_strong,8353,0.625,0.0609044991679348
pragmatic_unlifted,weak_or_strong,8353,0.675,0.2273565857409898
pragmatic_unlifted,weak_or_strong,8353,0.725,0.3053351604447682
pragmatic_unlifted,weak_or_strong,8353,0.775,0.0814725583179267
pragmatic_unlifted,weak_or_strong,8353,0.825,0.0228768816741448
pragmatic_unlifted,weak_or_strong,8353,0.875,0.01288555640919237
pragmatic_unlifted,weak_or_strong,8353,0.925,0.014256286274613554
pragmatic_unlifted,weak_or_strong,8353,0.975,0.01552882818722924
fixed_0.05,weak_or_strong,8353,0.075,0.004619401486242217
fixed_0.05,weak_or_strong,8353,0.125,0.06848764812211287
fixed_0.05,weak_or_strong,8353,0.175,0.06848764812211287
fixed_0.05,weak_or_strong,8353,0.225,0.15063265716007235
fixed_0.05,weak_or_strong,8353,0.275,0.04559148423378189
fixed_0.05,weak_or_strong,8353,0.325,0.05021088572002412
fixed_0.05,weak_or_strong,8353,0.375,0.04559148423378189
fixed_0.05,weak_or_strong,8353,0.425,0.06848764812211287
fixed_0.05,weak_or_strong,8353,0.475,0.054830287206266336
fixed_0.05,weak_or_strong,8353,0.525,0.027415143603133168
fixed_0.05,weak_or_strong,8353,0.575,0.027415143603133168
fixed_0.05,weak_or_strong,8353,0.625,0.04107250451897972
fixed_0.05,weak_or_strong,8353,0.675,0.13235589475798357
fixed_0.05,weak_or_strong,8353,0.725,0.15525205864631456
fixed_0.05,weak_or_strong,8353,0.775,0.03655352480417757
fixed_0.05,weak_or_strong,8353,0.825,0.00913838120104439
fixed_0.05,weak_or_strong,8353,0.875,0.004619401486242217
fixed_0.05,weak_or_strong,8353,0.925,0.004619401486242217
fixed_0.05,weak_or_strong,8353,0.975,0.004619401486242217
fixed_0.1,weak_or_strong,8353,0.125,0.0688054882970137
fixed_0.1,weak_or_strong,8353,0.175,0.0688054882970137
fixed_0.1,weak_or_strong,8353,0.225,0.15133171912832927
fixed_0.1,weak_or_strong,8353,0.275,0.04580306698950766
fixed_0.1,weak_or_strong,8353,0.325,0.050443906376109765
fixed_0.1,weak_or_strong,8353,0.375,0.04580306698950766
fixed_0.1,weak_or_strong,8353,0.425,0.0688054882970137
fixed_0.1,weak_or_strong,8353,0.475,0.05508474576271186
fixed_0.1,weak_or_strong,8353,0.525,0.02754237288135593
fixed_0.1,weak_or_strong,8353,0.575,0.02754237288135593
fixed_0.1,weak_or_strong,8353,0.625,0.04126311541565778
fixed_0.1,weak_or_strong,8353,0.675,0.13297013720742534
fixed_0.1,weak_or_strong,8353,0.725,0.1559725585149314
fixed_0.1,weak_or_strong,8353,0.775,0.03672316384180792
fixed_0.1,weak_or_strong,8353,0.825,0.009180790960451983
fixed_0.1,weak_or_strong,8353,0.875,0.004640839386602098
fixed_0.1,weak_or_strong,8353,0.925,0.004640839386602098
fixed_0.1,weak_or_strong,8353,0.975,0.004640839386602098
fixed_0.3,weak_or_strong,8353,0.325,0.07582650894752808
fixed_0.3,weak_or_strong,8353,0.375,0.06885047012435548
fixed_0.3,weak_or_strong,8353,0.425,0.10342735820442828
fixed_0.3,weak_or_strong,8353,0.475,0.08280254777070067
fixed_0.3,weak_or_strong,8353,0.525,0.04140127388535033
fixed_0.3,weak_or_strong,8353,0.575,0.04140127388535033
fixed_0.3,weak_or_strong,8353,0.625,0.06202608431907796
fixed_0.3,weak_or_strong,8353,0.675,0.19987867758568395
fixed_0.3,weak_or_strong,8353,0.725,0.23445556566575676
fixed_0.3,weak_or_strong,8353,0.775,0.055201698513800454
fixed_0.3,weak_or_strong,8353,0.825,0.013800424628450112
fixed_0.3,weak_or_strong,8353,0.875,0.00697603882317258
fixed_0.3,weak_or_strong,8353,0.925,0.00697603882317258
fixed_0.3,weak_or_strong,8353,0.975,0.00697603882317258
prior,half_or_deterministic,8354,0.975,0.209079092090791
prior,half_or_deterministic,8354,0.925,0.1135886411358864
prior,half_or_deterministic,8354,0.875,0.031796820317968204
prior,half_or_deterministic,8354,0.825,0.022697730226977308
prior,half_or_deterministic,8354,0.775,0.0363963603639636
prior,half_or_deterministic,8354,0.725,0.0453954604539546
prior,half_or_deterministic,8354,0.675,0.05459454054594541
prior,half_or_deterministic,8354,0.625,0.05459454054594541
prior,half_or_deterministic,8354,0.575,0.06359364063593642
prior,half_or_deterministic,8354,0.525,0.07729227077292271
prior,half_or_deterministic,8354,0.475,0.14538546145385464
prior,half_or_deterministic,8354,0.425,0.0181981801819818
prior,half_or_deterministic,8354,0.375,0.013598640135986407
prior,half_or_deterministic,8354,0.325,0.022697730226977308
prior,half_or_deterministic,8354,0.275,0.004599540045995401
prior,half_or_deterministic,8354,0.225,0.022697730226977308
prior,half_or_deterministic,8354,0.175,0.004599540045995401
prior,half_or_deterministic,8354,0.125,0.004599540045995401
prior,half_or_deterministic,8354,0.075,0.004599540045995401
prior,half_or_deterministic,8354,0.025,0.04999500049995001
literal,half_or_deterministic,8354,0.025,0.0019008761518359023
literal,half_or_deterministic,8354,0.075,0.0004896656967129283
literal,half_or_deterministic,8354,0.125,0.0008394269086507344
literal,half_or_deterministic,8354,0.175,0.001189188120588541
literal,half_or_deterministic,8354,0.225,0.007594380401814803
literal,half_or_deterministic,8354,0.275,0.0018887105444641533
literal,half_or_deterministic,8354,0.325,0.011046371493548807
literal,half_or_deterministic,8354,0.375,0.007652167036830622
literal,half_or_deterministic,8354,0.425,0.011624237843706907
literal,half_or_deterministic,8354,0.475,0.10392165957132952
literal,half_or_deterministic,8354,0.525,0.0611260942393568
literal,half_or_deterministic,8354,0.575,0.05512844980508416
literal,half_or_deterministic,8354,0.625,0.051478767593559224
literal,half_or_deterministic,8354,0.675,0.05563028110916884
literal,half_or_deterministic,8354,0.725,0.049708671720969634
literal,half_or_deterministic,8354,0.775,0.04262220542692535
literal,half_or_deterministic,8354,0.825,0.02830632695221881
literal,half_or_deterministic,8354,0.875,0.04207171169335369
literal,half_or_deterministic,8354,0.925,0.15893149470453904
literal,half_or_deterministic,8354,0.975,0.30684931298534157
pragmatic_unlifted,half_or_deterministic,8354,0.025,0.00006480731488123548
pragmatic_unlifted,half_or_deterministic,8354,0.075,0.00004673159471364501
pragmatic_unlifted,half_or_deterministic,8354,0.125,0.0001372512864559937
pragmatic_unlifted,half_or_deterministic,8354,0.175,0.0002752037410363632
pragmatic_unlifted,half_or_deterministic,8354,0.225,0.0022716214486602627
pragmatic_unlifted,half_or_deterministic,8354,0.275,0.000692277492679548
pragmatic_unlifted,half_or_deterministic,8354,0.325,0.004789778527079489
pragmatic_unlifted,half_or_deterministic,8354,0.375,0.0038281782552613904
pragmatic_unlifted,half_or_deterministic,8354,0.425,0.006584855151666377
pragmatic_unlifted,half_or_deterministic,8354,0.475,0.06569466781609912
pragmatic_unlifted,half_or_deterministic,8354,0.525,0.042620477476712396
pragmatic_unlifted,half_or_deterministic,8354,0.575,0.04199240038052706
pragmatic_unlifted,half_or_deterministic,8354,0.625,0.042495464873645264
pragmatic_unlifted,half_or_deterministic,8354,0.675,0.04942923427820748
pragmatic_unlifted,half_or_deterministic,8354,0.725,0.047261932240458535
pragmatic_unlifted,half_or_deterministic,8354,0.775,0.0431417750856303
pragmatic_unlifted,half_or_deterministic,8354,0.825,0.030364810154119265
pragmatic_unlifted,half_or_deterministic,8354,0.875,0.04763910156513992
pragmatic_unlifted,half_or_deterministic,8354,0.925,0.18928397420117593
pragmatic_unlifted,half_or_deterministic,8354,0.975,0.3813854571158506
fixed_0.05,half_or_deterministic,8354,0.075,0.004841595621513527
fixed_0.05,half_or_deterministic,8354,0.125,0.004841595621513527
fixed_0.05,half_or_deterministic,8354,0.175,0.004841595621513527
fixed_0.05,half_or_deterministic,8354,0.225,0.02389222187138196
fixed_0.05,half_or_deterministic,8354,0.275,0.004841595621513527
fixed_0.05,half_or_deterministic,8354,0.325,0.02389222187138196
fixed_0.05,half_or_deterministic,8354,0.375,0.014314282707083474
fixed_0.05,half_or_deterministic,8354,0.425,0.019155878328596984
fixed_0.05,half_or_deterministic,8354,0.475,0.15303652247131885
fixed_0.05,half_or_deterministic,8354,0.525,0.08135985685717291
fixed_0.05,half_or_deterministic,8354,0.575,0.06694032207136091
fixed_0.05,half_or_deterministic,8354,0.625,0.057467634985790966
fixed_0.05,half_or_deterministic,8354,0.675,0.057467634985790966
fixed_0.05,half_or_deterministic,8354,0.725,0.04778444374276391
fixed_0.05,half_or_deterministic,8354,0.775,0.03831175665719397
fixed_0.05,half_or_deterministic,8354,0.825,0.02389222187138196
fixed_0.05,half_or_deterministic,8354,0.875,0.03347016103568045
fixed_0.05,half_or_deterministic,8354,0.925,0.11956636143563833
fixed_0.05,half_or_deterministic,8354,0.975,0.22008209662140835
fixed_0.1,half_or_deterministic,8354,0.125,0.004865150713907984
fixed_0.1,half_or_deterministic,8354,0.175,0.004865150713907984
fixed_0.1,half_or_deterministic,8354,0.225,0.024008461131676373
fixed_0.1,half_or_deterministic,8354,0.275,0.004865150713907984
fixed_0.1,half_or_deterministic,8354,0.325,0.024008461131676373
fixed_0.1,half_or_deterministic,8354,0.375,0.014383923849814914
fixed_0.1,half_or_deterministic,8354,0.425,0.019249074563722896
fixed_0.1,half_or_deterministic,8354,0.475,0.15378106821787418
fixed_0.1,half_or_deterministic,8354,0.525,0.08175568482284506
fixed_0.1,half_or_deterministic,8354,0.575,0.06726599682707565
fixed_0.1,half_or_deterministic,8354,0.625,0.05774722369116871
fixed_0.1,half_or_deterministic,8354,0.675,0.05774722369116871
fixed_0.1,half_or_deterministic,8354,0.725,0.048016922263352725
fixed_0.1,half_or_deterministic,8354,0.775,0.0384981491274458
fixed_0.1,half_or_deterministic,8354,0.825,0.024008461131676373
fixed_0.1,half_or_deterministic,8354,0.875,0.03363299841353782
fixed_0.1,half_or_deterministic,8354,0.925,0.12014806980433634
fixed_0.1,half_or_deterministic,8354,0.975,0.2211528291909044
fixed_0.3,half_or_deterministic,8354,0.325,0.024972497249724973
fixed_0.3,half_or_deterministic,8354,0.375,0.014961496149614964
fixed_0.3,half_or_deterministic,8354,0.425,0.020022002200220015
fixed_0.3,half_or_deterministic,8354,0.475,0.15995599559955992
fixed_0.3,half_or_deterministic,8354,0.525,0.08503850385038503
fixed_0.3,half_or_deterministic,8354,0.575,0.06996699669966996
fixed_0.3,half_or_deterministic,8354,0.625,0.06006600660066006
fixed_0.3,half_or_deterministic,8354,0.675,0.06006600660066006
fixed_0.3,half_or_deterministic,8354,0.725,0.04994499449944993
fixed_0.3,half_or_deterministic,8354,0.775,0.040044004400440036
fixed_0.3,half_or_deterministic,8354,0.825,0.024972497249724973
fixed_0.3,half_or_deterministic,8354,0.875,0.03498349834983498
fixed_0.3,half_or_deterministic,8354,0.925,0.12497249724972494
fixed_0.3,half_or_deterministic,8354,0.975,0.23003300330033002
prior,rare_deterministic,8354,0.975,0.2954295429542954
prior,rare_deterministic,8354,0.925,0.0818081808180818
prior,rare_deterministic,8354,0.875,0.059105910591059095
prior,rare_deterministic,8354,0.825,0.0046004600460046
prior,rare_deterministic,8354,0.775,0.018201820182018196
prior,rare_deterministic,8354,0.725,0.013601360136013605
prior,rare_deterministic,8354,0.675,0.009100910091009098
prior,rare_deterministic,8354,0.625,0.018201820182018196
prior,rare_deterministic,8354,0.575,0.009100910091009098
prior,rare_deterministic,8354,0.525,0.022702270227022706
prior,rare_deterministic,8354,0.475,0.0954095409540954
prior,rare_deterministic,8354,0.425,0.009100910091009098
prior,rare_deterministic,8354,0.375,0.0046004600460046
prior,rare_deterministic,8354,0.325,0.009100910091009098
prior,rare_deterministic,8354,0.275,0.018201820182018196
prior,rare_deterministic,8354,0.225,0.013601360136013605
prior,rare_deterministic,8354,0.175,0.022702270227022706
prior,rare_deterministic,8354,0.125,0.013601360136013605
prior,rare_deterministic,8354,0.075,0.022702270227022706
prior,rare_deterministic,8354,0.025,0.2591259125912591
literal,rare_deterministic,8354,0.025,0.01181117078743265
literal,rare_deterministic,8354,0.075,0.002897406465647316
literal,rare_deterministic,8354,0.125,0.0029758133114766655
literal,rare_deterministic,8354,0.175,0.007036558559429196
literal,rare_deterministic,8354,0.225,0.0054556577377072235
literal,rare_deterministic,8354,0.275,0.008960261404777157
literal,rare_deterministic,8354,0.325,0.005309784536164243
literal,rare_deterministic,8354,0.375,0.0031034523628267665
literal,rare_deterministic,8354,0.425,0.006969092203715563
literal,rare_deterministic,8354,0.475,0.08175828263479823
literal,rare_deterministic,8354,0.525,0.021523590887665804
literal,rare_deterministic,8354,0.575,0.009458053705042564
literal,rare_deterministic,8354,0.625,0.020575415077636452
literal,rare_deterministic,8354,0.675,0.011117361372593905
literal,rare_deterministic,8354,0.725,0.017854879868859985
literal,rare_deterministic,8354,0.775,0.02555333808029044
literal,rare_deterministic,8354,0.825,0.006877921452751217
literal,rare_deterministic,8354,0.875,0.0937545300466885
literal,rare_deterministic,8354,0.925,0.13722292069147543
literal,rare_deterministic,8354,0.975,0.5197845088130207
pragmatic_unlifted,rare_deterministic,8354,0.025,0.000380028056487608
pragmatic_unlifted,rare_deterministic,8354,0.075,0.00026092853510940173
pragmatic_unlifted,rare_deterministic,8354,0.125,0.00045901473353285094
pragmatic_unlifted,rare_deterministic,8354,0.175,0.001535599894683591
pragmatic_unlifted,rare_deterministic,8354,0.225,0.0015380559277743575
pragmatic_unlifted,rare_deterministic,8354,0.275,0.003093325555083365
pragmatic_unlifted,rare_deterministic,8354,0.325,0.0021667738268463348
pragmatic_unlifted,rare_deterministic,8354,0.375,0.0014597794234369166
pragmatic_unlifted,rare_deterministic,8354,0.425,0.003707913991375141
pragmatic_unlifted,rare_deterministic,8354,0.475,0.048485235473521966
pragmatic_unlifted,rare_deterministic,8354,0.525,0.01406008591610212
pragmatic_unlifted,rare_deterministic,8354,0.575,0.006739897427894011
pragmatic_unlifted,rare_deterministic,8354,0.625,0.015865111349274354
pragmatic_unlifted,rare_deterministic,8354,0.675,0.00921144631331131
pragmatic_unlifted,rare_deterministic,8354,0.725,0.01580209089445034
pragmatic_unlifted,rare_deterministic,8354,0.775,0.02403067170458461
pragmatic_unlifted,rare_deterministic,8354,0.825,0.006841211421179398
pragmatic_unlifted,rare_deterministic,8354,0.875,0.09822983042365606
pragmatic_unlifted,rare_deterministic,8354,0.925,0.15088827937085342
pragmatic_unlifted,rare_deterministic,8354,0.975,0.5952447197608426
fixed_0.05,rare_deterministic,8354,0.075,0.03064254859611232
fixed_0.05,rare_deterministic,8354,0.125,0.018358531317494608
fixed_0.05,rare_deterministic,8354,0.175,0.03064254859611232
fixed_0.05,rare_deterministic,8354,0.225,0.018358531317494608
fixed_0.05,rare_deterministic,8354,0.275,0.02456803455723542
fixed_0.05,rare_deterministic,8354,0.325,0.012284017278617703
fixed_0.05,rare_deterministic,8354,0.375,0.006209503239740819
fixed_0.05,rare_deterministic,8354,0.425,0.012284017278617703
fixed_0.05,rare_deterministic,8354,0.475,0.12877969762419006
fixed_0.05,rare_deterministic,8354,0.525,0.03064254859611232
fixed_0.05,rare_deterministic,8354,0.575,0.012284017278617703
fixed_0.05,rare_deterministic,8354,0.625,0.02456803455723542
fixed_0.05,rare_deterministic,8354,0.675,0.012284017278617703
fixed_0.05,rare_deterministic,8354,0.725,0.018358531317494608
fixed_0.05,rare_deterministic,8354,0.775,0.02456803455723542
fixed_0.05,rare_deterministic,8354,0.825,0.006209503239740819
fixed_0.05,rare_deterministic,8354,0.875,0.07977861771058314
fixed_0.05,rare_deterministic,8354,0.925,0.11042116630669548
fixed_0.05,rare_deterministic,8354,0.975,0.3987580993520518
fixed_0.1,rare_deterministic,8354,0.125,0.01893886645314024
fixed_0.1,rare_deterministic,8354,0.175,0.03161119621222672
fixed_0.1,rare_deterministic,8354,0.225,0.01893886645314024
fixed_0.1,rare_deterministic,8354,0.275,0.025344659518172954
fixed_0.1,rare_deterministic,8354,0.325,0.012672329759086477
fixed_0.1,rare_deterministic,8354,0.375,0.0064057930650327265
fixed_0.1,rare_deterministic,8354,0.425,0.012672329759086477
fixed_0.1,rare_deterministic,8354,0.475,0.1328505779139396
fixed_0.1,rare_deterministic,8354,0.525,0.03161119621222672
fixed_0.1,rare_deterministic,8354,0.575,0.012672329759086477
fixed_0.1,rare_deterministic,8354,0.625,0.025344659518172954
fixed_0.1,rare_deterministic,8354,0.675,0.012672329759086477
fixed_0.1,rare_deterministic,8354,0.725,0.01893886645314024
fixed_0.1,rare_deterministic,8354,0.775,0.025344659518172954
fixed_0.1,rare_deterministic,8354,0.825,0.0064057930650327265
fixed_0.1,rare_deterministic,8354,0.875,0.08230051524857263
fixed_0.1,rare_deterministic,8354,0.925,0.11391171146079936
fixed_0.1,rare_deterministic,8354,0.975,0.4113633198718841
fixed_0.3,rare_deterministic,8354,0.325,0.013999999999999995
fixed_0.3,rare_deterministic,8354,0.375,0.007076923076923076
fixed_0.3,rare_deterministic,8354,0.425,0.013999999999999995
fixed_0.3,rare_deterministic,8354,0.475,0.14676923076923074
fixed_0.3,rare_deterministic,8354,0.525,0.034923076923076925
fixed_0.3,rare_deterministic,8354,0.575,0.013999999999999995
fixed_0.3,rare_deterministic,8354,0.625,0.02799999999999999
fixed_0.3,rare_deterministic,8354,0.675,0.013999999999999995
fixed_0.3,rare_deterministic,8354,0.725,0.020923076923076926
fixed_0.3,rare_deterministic,8354,0.775,0.02799999999999999
fixed_0.3,rare_deterministic,8354,0.825,0.007076923076923076
fixed_0.3,rare_deterministic,8354,0.875,0.09092307692307694
fixed_0.3,rare_deterministic,8354,0.925,0.12584615384615389
fixed_0.3,rare_deterministic,8354,0.975,0.4544615384615385
prior,rare_half,8354,0.975,0.004597701149425292
prior,rare_half,8354,0.925,0.004597701149425292
prior,rare_half,8354,0.875,0.004597701149425292
prior,rare_half,8354,0.825,0.004597701149425292
prior,rare_half,8354,0.775,0.004597701149425292
prior,rare_half,8354,0.725,0.004597701149425292
prior,rare_half,8354,0.675,0.013593203398300852
prior,rare_half,8354,0.625,0.018190904547726146
prior,rare_half,8354,0.575,0.022688655672163924
prior,rare_half,8354,0.525,0.05457271364317841
prior,rare_half,8354,0.475,0.10904547726136933
prior,rare_half,8354,0.425,0.05457271364317841
prior,rare_half,8354,0.375,0.0863568215892054
prior,rare_half,8354,0.325,0.031784107946026985
prior,rare_half,8354,0.275,0.0590704647676162
prior,rare_half,8354,0.225,0.022688655672163924
prior,rare_half,8354,0.175,0.04997501249375312
prior,rare_half,8354,0.125,0.036381809095452286
prior,rare_half,8354,0.075,0.05457271364317841
prior,rare_half,8354,0.025,0.35892053973013494
literal,rare_half,8354,0.025,0.036199961693162225
literal,rare_half,8354,0.075,0.015411445679895969
literal,rare_half,8354,0.125,0.017613080777023966
literal,rare_half,8354,0.175,0.034274539057853395
literal,rare_half,8354,0.225,0.020137299771167055
literal,rare_half,8354,0.275,0.06434339055837258
literal,rare_half,8354,0.325,0.04103267170031958
literal,rare_half,8354,0.375,0.12890452524723037
literal,rare_half,8354,0.425,0.09246867407937577
literal,rare_half,8354,0.475,0.20676418109053518
literal,rare_half,8354,0.525,0.11448502505065587
literal,rare_half,8354,0.575,0.05217391304347832
literal,rare_half,8354,0.625,0.045500458673978644
literal,rare_half,8354,0.675,0.03674230587001895
literal,rare_half,8354,0.725,0.013354973336424786
literal,rare_half,8354,0.775,0.014282402040343178
literal,rare_half,8354,0.825,0.015209830744261566
literal,rare_half,8354,0.875,0.01613725944817995
literal,rare_half,8354,0.925,0.017064688152098356
literal,rare_half,8354,0.975,0.017899373985624887
pragmatic_unlifted,rare_half,8354,0.025,0.0022789940783436353
pragmatic_unlifted,rare_half,8354,0.075,0.002711514008267083
pragmatic_unlifted,rare_half,8354,0.125,0.005290053313057585
pragmatic_unlifted,rare_half,8354,0.175,0.014490729227510189
pragmatic_unlifted,rare_half,8354,0.225,0.010924235993042701
pragmatic_unlifted,rare_half,8354,0.275,0.04238647076484703
pragmatic_unlifted,rare_half,8354,0.325,0.03163410013927626
pragmatic_unlifted,rare_half,8354,0.375,0.11324497044376687
pragmatic_unlifted,rare_half,8354,0.425,0.09071116858813677
pragmatic_unlifted,rare_half,8354,0.475,0.22289116628136102
pragmatic_unlifted,rare_half,8354,0.525,0.13386058929332378
pragmatic_unlifted,rare_half,8354,0.575,0.06545353757012105
pragmatic_unlifted,rare_half,8354,0.625,0.06068562102055674
pragmatic_unlifted,rare_half,8354,0.675,0.051690308437662286
pragmatic_unlifted,rare_half,8354,0.725,0.019683208976416372
pragmatic_unlifted,rare_half,8354,0.775,0.021921690278755367
pragmatic_unlifted,rare_half,8354,0.825,0.02418447004637806
pragmatic_unlifted,rare_half,8354,0.875,0.026458327081810527
pragmatic_unlifted,rare_half,8354,0.925,0.028731333944869764
pragmatic_unlifted,rare_half,8354,0.975,0.030767510512497095
fixed_0.05,rare_half,8354,0.075,0.08512628624883067
fixed_0.05,rare_half,8354,0.125,0.05675085749922046
fixed_0.05,rare_half,8354,0.175,0.07795447458684127
fixed_0.05,rare_half,8354,0.225,0.03539133146242594
fixed_0.05,rare_half,8354,0.275,0.0921421889616464
fixed_0.05,rare_half,8354,0.325,0.049579045837231044
fixed_0.05,rare_half,8354,0.375,0.1347053320860617
fixed_0.05,rare_half,8354,0.425,0.08512628624883067
fixed_0.05,rare_half,8354,0.475,0.17009666354848768
fixed_0.05,rare_half,8354,0.525,0.08512628624883067
fixed_0.05,rare_half,8354,0.575,0.03539133146242594
fixed_0.05,rare_half,8354,0.625,0.02837542874961024
fixed_0.05,rare_half,8354,0.675,0.021203617087620828
fixed_0.05,rare_half,8354,0.725,0.007171811661989403
fixed_0.05,rare_half,8354,0.775,0.007171811661989403
fixed_0.05,rare_half,8354,0.825,0.007171811661989403
fixed_0.05,rare_half,8354,0.875,0.007171811661989403
fixed_0.05,rare_half,8354,0.925,0.007171811661989403
fixed_0.05,rare_half,8354,0.975,0.007171811661989403
fixed_0.1,rare_half,8354,0.125,0.06203135650988412
fixed_0.1,rare_half,8354,0.175,0.08520790729379685
fixed_0.1,rare_half,8354,0.225,0.03868438991138379
fixed_0.1,rare_half,8354,0.275,0.10071574642126793
fixed_0.1,rare_half,8354,0.325,0.05419222903885482
fixed_0.1,rare_half,8354,0.375,0.14723926380368096
fixed_0.1,rare_half,8354,0.425,0.0930470347648262
fixed_0.1,rare_half,8354,0.475,0.18592365371506478
fixed_0.1,rare_half,8354,0.525,0.0930470347648262
fixed_0.1,rare_half,8354,0.575,0.03868438991138379
fixed_0.1,rare_half,8354,0.625,0.031015678254942083
fixed_0.1,rare_half,8354,0.675,0.023176550783912758
fixed_0.1,rare_half,8354,0.725,0.00783912747102932
fixed_0.1,rare_half,8354,0.775,0.00783912747102932
fixed_0.1,rare_half,8354,0.825,0.00783912747102932
fixed_0.1,rare_half,8354,0.875,0.00783912747102932
fixed_0.1,rare_half,8354,0.925,0.00783912747102932
fixed_0.1,rare_half,8354,0.975,0.00783912747102932
fixed_0.3,rare_half,8354,0.325,0.07596751075011944
fixed_0.3,rare_half,8354,0.375,0.20640229335881505
fixed_0.3,rare_half,8354,0.425,0.13043478260869565
fixed_0.3,rare_half,8354,0.475,0.26063067367415194
fixed_0.3,rare_half,8354,0.525,0.13043478260869565
fixed_0.3,rare_half,8354,0.575,0.05422838031533684
fixed_0.3,rare_half,8354,0.625,0.04347826086956524
fixed_0.3,rare_half,8354,0.675,0.03248924988055423
fixed_0.3,rare_half,8354,0.725,0.010989010989010992
fixed_0.3,rare_half,8354,0.775,0.010989010989010992
fixed_0.3,rare_half,8354,0.825,0.010989010989010992
fixed_0.3,rare_half,8354,0.875,0.010989010989010992
fixed_0.3,rare_half,8354,0.925,0.010989010989010992
fixed_0.3,rare_half,8354,0.975,0.010989010989010992
prior,rare_strong,8354,0.975,0.004598620413875837
prior,rare_strong,8354,0.925,0.004598620413875837
prior,rare_strong,8354,0.875,0.022693192042387286
prior,rare_strong,8354,0.825,0.036389083275017484
prior,rare_strong,8354,0.775,0.10906727981605524
prior,rare_strong,8354,0.725,0.18634409677096875
prior,rare_strong,8354,0.675,0.05908227531740479
prior,rare_strong,8354,0.625,0.05908227531740479
prior,rare_strong,8354,0.575,0.022693192042387286
prior,rare_strong,8354,0.525,0.00909727081875437
prior,rare_strong,8354,0.475,0.004598620413875837
prior,rare_strong,8354,0.425,0.004598620413875837
prior,rare_strong,8354,0.375,0.004598620413875837
prior,rare_strong,8354,0.325,0.0135959212236329
prior,rare_strong,8354,0.275,0.027291812456263116
prior,rare_strong,8354,0.225,0.022693192042387286
prior,rare_strong,8354,0.175,0.031790462861141656
prior,rare_strong,8354,0.125,0.027291812456263116
prior,rare_strong,8354,0.075,0.031790462861141656
prior,rare_strong,8354,0.025,0.31810456862941117
literal,rare_strong,8354,0.025,0.01931908424383573
literal,rare_strong,8354,0.075,0.005405943623730779
literal,rare_strong,8354,0.125,0.007955917031150958
literal,rare_strong,8354,0.175,0.013128720229060462
literal,rare_strong,8354,0.225,0.012128159234910833
literal,rare_strong,8354,0.275,0.01790081332008965
literal,rare_strong,8354,0.325,0.010569032637231059
literal,rare_strong,8354,0.375,0.004133385466122995
literal,rare_strong,8354,0.425,0.004691951069653126
literal,rare_strong,8354,0.475,0.005250516673183265
literal,rare_strong,8354,0.525,0.011491880156106948
literal,rare_strong,8354,0.575,0.031422958017723546
literal,rare_strong,8354,0.625,0.0889867862806574
literal,rare_strong,8354,0.675,0.09616314001296844
literal,rare_strong,8354,0.725,0.32593031529814054
literal,rare_strong,8354,0.775,0.2040148724163306
literal,rare_strong,8354,0.825,0.0724872440615976
literal,rare_strong,8354,0.875,0.0479613569744201
literal,rare_strong,8354,0.925,0.01027760710495449
literal,rare_strong,8354,0.975,0.010780316148131599
pragmatic_unlifted,rare_strong,8354,0.025,0.0007745594741938643
pragmatic_unlifted,rare_strong,8354,0.075,0.000606454939242596
pragmatic_unlifted,rare_strong,8354,0.125,0.001527693515985668
pragmatic_unlifted,rare_strong,8354,0.175,0.003563068499513748
pragmatic_unlifted,rare_strong,8354,0.225,0.004246325879484159
pragmatic_unlifted,rare_strong,8354,0.275,0.007661841842786322
pragmatic_unlifted,rare_strong,8354,0.325,0.005336356143448917
pragmatic_unlifted,rare_strong,8354,0.375,0.00239992100983853
pragmatic_unlifted,rare_strong,8354,0.425,0.003073223031116395
pragmatic_unlifted,rare_strong,8354,0.475,0.0038218323956737926
pragmatic_unlifted,rare_strong,8354,0.525,0.009183998348715436
pragmatic_unlifted,rare_strong,8354,0.575,0.02729716075241293
pragmatic_unlifted,rare_strong,8354,0.625,0.08332424967692781
pragmatic_unlifted,rare_strong,8354,0.675,0.09636184247145489
pragmatic_unlifted,rare_strong,8354,0.725,0.34734733002192497
pragmatic_unlifted,rare_strong,8354,0.775,0.22996993730666043
pragmatic_unlifted,rare_strong,8354,0.825,0.08600861665982923
pragmatic_unlifted,rare_strong,8354,0.875,0.059644605070544345
pragmatic_unlifted,rare_strong,8354,0.925,0.013344123815132398
pragmatic_unlifted,rare_strong,8354,0.975,0.014506859145113401
fixed_0.05,rare_strong,8354,0.075,0.04662073009822605
fixed_0.05,rare_strong,8354,0.125,0.04002345697111859
fixed_0.05,rare_strong,8354,0.175,0.04662073009822605
fixed_0.05,rare_strong,8354,0.225,0.03327957777451986
fixed_0.05,rare_strong,8354,0.275,0.04002345697111859
fixed_0.05,rare_strong,8354,0.325,0.019938425450813646
fixed_0.05,rare_strong,8354,0.375,0.006743879196598737
fixed_0.05,rare_strong,8354,0.425,0.006743879196598737
fixed_0.05,rare_strong,8354,0.475,0.006743879196598737
fixed_0.05,rare_strong,8354,0.525,0.013341152323706192
fixed_0.05,rare_strong,8354,0.575,0.03327957777451986
fixed_0.05,rare_strong,8354,0.625,0.08664418706934465
fixed_0.05,rare_strong,8354,0.675,0.08664418706934465
fixed_0.05,rare_strong,8354,0.725,0.27327371353174024
fixed_0.05,rare_strong,8354,0.775,0.15994722181498322
fixed_0.05,rare_strong,8354,0.825,0.053364609294824776
fixed_0.05,rare_strong,8354,0.875,0.03327957777451986
fixed_0.05,rare_strong,8354,0.925,0.006743879196598737
fixed_0.05,rare_strong,8354,0.975,0.006743879196598737
fixed_0.1,rare_strong,8354,0.125,0.041980624327233575
fixed_0.1,rare_strong,8354,0.175,0.04890050745809625
fixed_0.1,rare_strong,8354,0.225,0.03490696601568507
fixed_0.1,rare_strong,8354,0.275,0.041980624327233575
fixed_0.1,rare_strong,8354,0.325,0.02091342457327386
fixed_0.1,rare_strong,8354,0.375,0.007073658311548512
fixed_0.1,rare_strong,8354,0.425,0.007073658311548512
fixed_0.1,rare_strong,8354,0.475,0.007073658311548512
fixed_0.1,rare_strong,8354,0.525,0.01399354144241118
fixed_0.1,rare_strong,8354,0.575,0.03490696601568507
fixed_0.1,rare_strong,8354,0.625,0.09088113178532986
fixed_0.1,rare_strong,8354,0.675,0.09088113178532986
fixed_0.1,rare_strong,8354,0.725,0.2866369367984007
fixed_0.1,rare_strong,8354,0.775,0.16776872212824853
fixed_0.1,rare_strong,8354,0.825,0.05597416576964476
fixed_0.1,rare_strong,8354,0.875,0.03490696601568507
fixed_0.1,rare_strong,8354,0.925,0.007073658311548512
fixed_0.1,rare_strong,8354,0.975,0.007073658311548512
fixed_0.3,rare_strong,8354,0.325,0.02512934220251291
fixed_0.3,rare_strong,8354,0.375,0.008499630450849957
fixed_0.3,rare_strong,8354,0.425,0.008499630450849957
fixed_0.3,rare_strong,8354,0.475,0.008499630450849957
fixed_0.3,rare_strong,8354,0.525,0.016814486326681432
fixed_0.3,rare_strong,8354,0.575,0.04194382852919438
fixed_0.3,rare_strong,8354,0.625,0.10920177383592017
fixed_0.3,rare_strong,8354,0.675,0.10920177383592017
fixed_0.3,rare_strong,8354,0.725,0.344419807834442
fixed_0.3,rare_strong,8354,0.775,0.20158906134515897
fixed_0.3,rare_strong,8354,0.825,0.06725794530672577
fixed_0.3,rare_strong,8354,0.875,0.04194382852919438
fixed_0.3,rare_strong,8354,0.925,0.008499630450849957
fixed_0.3,rare_strong,8354,0.975,0.008499630450849957
prior,rare_weak,8354,0.975,0.004598620413875837
prior,rare_weak,8354,0.925,0.004598620413875837
prior,rare_weak,8354,0.875,0.009097270818754378
prior,rare_weak,8354,0.825,0.009097270818754378
prior,rare_weak,8354,0.775,0.004598620413875837
prior,rare_weak,8354,0.725,0.004598620413875837
prior,rare_weak,8354,0.675,0.004598620413875837
prior,rare_weak,8354,0.625,0.013595921223632913
prior,rare_weak,8354,0.575,0.004598620413875837
prior,rare_weak,8354,0.525,0.004598620413875837
prior,rare_weak,8354,0.475,0.013595921223632913
prior,rare_weak,8354,0.425,0.013595921223632913
prior,rare_weak,8354,0.375,0.013595921223632913
prior,rare_weak,8354,0.325,0.027291812456263116
prior,rare_weak,8354,0.275,0.06358092572228331
prior,rare_weak,8354,0.225,0.12266320103968811
prior,rare_weak,8354,0.175,0.15455363390982704
prior,rare_weak,8354,0.125,0.09087273817854642
prior,rare_weak,8354,0.075,0.08637408777366792
prior,rare_weak,8354,0.025,0.3498950314905529
literal,rare_weak,8354,0.025,0.05163521344521943
literal,rare_weak,8354,0.075,0.0356902595333357
literal,rare_weak,8354,0.125,0.0643699323726233
literal,rare_weak,8354,0.175,0.15509447768768653
literal,rare_weak,8354,0.225,0.1592961087703148
literal,rare_weak,8354,0.275,0.10133484403214953
literal,rare_weak,8354,0.325,0.05155259710370711
literal,rare_weak,8354,0.375,0.029694673606439386
literal,rare_weak,8354,0.425,0.03370746733703925
literal,rare_weak,8354,0.475,0.0377202610676392
literal,rare_weak,8354,0.525,0.014115592064110283
literal,rare_weak,8354,0.575,0.015472860531813187
literal,rare_weak,8354,0.625,0.04975864225943896
literal,rare_weak,8354,0.675,0.018187397467219035
literal,rare_weak,8354,0.725,0.01954466593492192
literal,rare_weak,8354,0.775,0.020901934402624854
literal,rare_weak,8354,0.825,0.04403451002608321
literal,rare_weak,8354,0.875,0.04671954112523462
literal,rare_weak,8354,0.925,0.02497373980573361
literal,rare_weak,8354,0.975,0.026195281426666203
pragmatic_unlifted,rare_weak,8354,0.025,0.0045614894075243235
pragmatic_unlifted,rare_weak,8354,0.075,0.008792359040734244
pragmatic_unlifted,rare_weak,8354,0.125,0.026941984871573364
pragmatic_unlifted,rare_weak,8354,0.175,0.0907268849687885
pragmatic_unlifted,rare_weak,8354,0.225,0.11845177787421565
pragmatic_unlifted,rare_weak,8354,0.275,0.09046040950246573
pragmatic_unlifted,rare_weak,8354,0.325,0.05314685369076399
pragmatic_unlifted,rare_weak,8354,0.375,0.03436766229915041
pragmatic_unlifted,rare_weak,8354,0.425,0.04285790555067758
pragmatic_unlifted,rare_weak,8354,0.475,0.05179082996904627
pragmatic_unlifted,rare_weak,8354,0.525,0.020639196861324274
pragmatic_unlifted,rare_weak,8354,0.575,0.023816309144971858
pragmatic_unlifted,rare_weak,8354,0.625,0.0798535627887782
pragmatic_unlifted,rare_weak,8354,0.675,0.030184313241876693
pragmatic_unlifted,rare_weak,8354,0.725,0.0333132256030098
pragmatic_unlifted,rare_weak,8354,0.775,0.036373318790234296
pragmatic_unlifted,rare_weak,8354,0.825,0.07783838612946464
pragmatic_unlifted,rare_weak,8354,0.875,0.08352343659085307
pragmatic_unlifted,rare_weak,8354,0.925,0.04498521520922005
pragmatic_unlifted,rare_weak,8354,0.975,0.047374878465327175
fixed_0.05,rare_weak,8354,0.075,0.13286175611256346
fixed_0.05,rare_weak,8354,0.125,0.1397816392434261
fixed_0.05,rare_weak,8354,0.175,0.23773642934030448
fixed_0.05,rare_weak,8354,0.225,0.18868214670152242
fixed_0.05,rare_weak,8354,0.275,0.09780101491619252
fixed_0.05,rare_weak,8354,0.325,0.041980624327233575
fixed_0.05,rare_weak,8354,0.375,0.020913424573273876
fixed_0.05,rare_weak,8354,0.425,0.020913424573273876
fixed_0.05,rare_weak,8354,0.475,0.020913424573273876
fixed_0.05,rare_weak,8354,0.525,0.007073658311548518
fixed_0.05,rare_weak,8354,0.575,0.007073658311548518
fixed_0.05,rare_weak,8354,0.625,0.020913424573273876
fixed_0.05,rare_weak,8354,0.675,0.007073658311548518
fixed_0.05,rare_weak,8354,0.725,0.007073658311548518
fixed_0.05,rare_weak,8354,0.775,0.007073658311548518
fixed_0.05,rare_weak,8354,0.825,0.013993541442411207
fixed_0.05,rare_weak,8354,0.875,0.013993541442411207
fixed_0.05,rare_weak,8354,0.925,0.007073658311548518
fixed_0.05,rare_weak,8354,0.975,0.007073658311548518
fixed_0.1,rare_weak,8354,0.125,0.16119879411243124
fixed_0.1,rare_weak,8354,0.175,0.2741620854761482
fixed_0.1,rare_weak,8354,0.225,0.21759177159070758
fixed_0.1,rare_weak,8354,0.275,0.1127859549565526
fixed_0.1,rare_weak,8354,0.325,0.0484128391558787
fixed_0.1,rare_weak,8354,0.375,0.024117751374357163
fixed_0.1,rare_weak,8354,0.425,0.024117751374357163
fixed_0.1,rare_weak,8354,0.475,0.024117751374357163
fixed_0.1,rare_weak,8354,0.525,0.008157474729561978
fixed_0.1,rare_weak,8354,0.575,0.008157474729561978
fixed_0.1,rare_weak,8354,0.625,0.024117751374357163
fixed_0.1,rare_weak,8354,0.675,0.008157474729561978
fixed_0.1,rare_weak,8354,0.725,0.008157474729561978
fixed_0.1,rare_weak,8354,0.775,0.008157474729561978
fixed_0.1,rare_weak,8354,0.825,0.016137613051959574
fixed_0.1,rare_weak,8354,0.875,0.016137613051959574
fixed_0.1,rare_weak,8354,0.925,0.008157474729561978
fixed_0.1,rare_weak,8354,0.975,0.008157474729561978
fixed_0.3,rare_weak,8354,0.325,0.2066616199848598
fixed_0.3,rare_weak,8354,0.375,0.10295230885692652
fixed_0.3,rare_weak,8354,0.425,0.10295230885692652
fixed_0.3,rare_weak,8354,0.475,0.10295230885692652
fixed_0.3,rare_weak,8354,0.525,0.034822104466313376
fixed_0.3,rare_weak,8354,0.575,0.034822104466313376
fixed_0.3,rare_weak,8354,0.625,0.10295230885692652
fixed_0.3,rare_weak,8354,0.675,0.034822104466313376
fixed_0.3,rare_weak,8354,0.725,0.034822104466313376
fixed_0.3,rare_weak,8354,0.775,0.034822104466313376
fixed_0.3,rare_weak,8354,0.825,0.06888720666161997
fixed_0.3,rare_weak,8354,0.875,0.06888720666161997
fixed_0.3,rare_weak,8354,0.925,0.034822104466313376
fixed_0.3,rare_weak,8354,0.975,0.034822104466313376
prior,strong_or_deterministic,8354,0.975,0.195421831267493
prior,strong_or_deterministic,8354,0.925,0.10455817672930827
prior,strong_or_deterministic,8354,0.875,0.08636545381847262
prior,strong_or_deterministic,8354,0.825,0.14994002399040385
prior,strong_or_deterministic,8354,0.775,0.08636545381847262
prior,strong_or_deterministic,8354,0.725,0.17722910835665737
prior,strong_or_deterministic,8354,0.675,0.07267093162734908
prior,strong_or_deterministic,8354,0.625,0.022690923630547775
prior,strong_or_deterministic,8354,0.575,0.009096361455417834
prior,strong_or_deterministic,8354,0.525,0.004598160735705716
prior,strong_or_deterministic,8354,0.475,0.013594562175129946
prior,strong_or_deterministic,8354,0.425,0.018192722910835672
prior,strong_or_deterministic,8354,0.375,0.004598160735705716
prior,strong_or_deterministic,8354,0.325,0.009096361455417834
prior,strong_or_deterministic,8354,0.275,0.004598160735705716
prior,strong_or_deterministic,8354,0.225,0.013594562175129946
prior,strong_or_deterministic,8354,0.175,0.013594562175129946
prior,strong_or_deterministic,8354,0.125,0.004598160735705716
prior,strong_or_deterministic,8354,0.075,0.004598160735705716
prior,strong_or_deterministic,8354,0.025,0.004598160735705716
literal,strong_or_deterministic,8354,0.025,0.00014861942249077078
literal,strong_or_deterministic,8354,0.075,0.0004161343829741575
literal,strong_or_deterministic,8354,0.125,0.0007133732279556995
literal,strong_or_deterministic,8354,0.175,0.002987896563466628
literal,strong_or_deterministic,8354,0.225,0.003866689670368581
literal,strong_or_deterministic,8354,0.275,0.0016050897629003246
literal,strong_or_deterministic,8354,0.325,0.0037633022460271735
literal,strong_or_deterministic,8354,0.375,0.0021995674528634086
literal,strong_or_deterministic,8354,0.425,0.009878668395821324
literal,strong_or_deterministic,8354,0.475,0.008260655204878321
literal,strong_or_deterministic,8354,0.525,0.003091283987808037
literal,strong_or_deterministic,8354,0.575,0.006703382125735907
literal,strong_or_deterministic,8354,0.625,0.01818843262726183
literal,strong_or_deterministic,8354,0.675,0.06294872565306933
literal,strong_or_deterministic,8354,0.725,0.16497531302158155
literal,strong_or_deterministic,8354,0.775,0.08597698208231316
literal,strong_or_deterministic,8354,0.825,0.15895816492491152
literal,strong_or_deterministic,8354,0.875,0.09714282391118503
literal,strong_or_deterministic,8354,0.925,0.12436473274027716
literal,strong_or_deterministic,8354,0.975,0.24381016259611
pragmatic_unlifted,strong_or_deterministic,8354,0.025,0.000004678628398387326
pragmatic_unlifted,strong_or_deterministic,8354,0.075,0.000036673286590238716
pragmatic_unlifted,strong_or_deterministic,8354,0.125,0.00010772782637760195
pragmatic_unlifted,strong_or_deterministic,8354,0.175,0.0006387883757962584
pragmatic_unlifted,strong_or_deterministic,8354,0.225,0.0010688540990504197
pragmatic_unlifted,strong_or_deterministic,8354,0.275,0.0005439198491295007
pragmatic_unlifted,strong_or_deterministic,8354,0.325,0.0015094130624586964
pragmatic_unlifted,strong_or_deterministic,8354,0.375,0.0010184681557466459
pragmatic_unlifted,strong_or_deterministic,8354,0.425,0.005182964517199217
pragmatic_unlifted,strong_or_deterministic,8354,0.475,0.004840254303738966
pragmatic_unlifted,strong_or_deterministic,8354,0.525,0.0019995264173878996
pragmatic_unlifted,strong_or_deterministic,8354,0.575,0.0047411886269983616
pragmatic_unlifted,strong_or_deterministic,8354,0.625,0.013955455244574302
pragmatic_unlifted,strong_or_deterministic,8354,0.675,0.05204312125415832
pragmatic_unlifted,strong_or_deterministic,8354,0.725,0.1461182028877184
pragmatic_unlifted,strong_or_deterministic,8354,0.775,0.08116796673522324
pragmatic_unlifted,strong_or_deterministic,8354,0.825,0.15924868508210377
pragmatic_unlifted,strong_or_deterministic,8354,0.875,0.10286936871429644
pragmatic_unlifted,strong_or_deterministic,8354,0.925,0.13871666908293706
pragmatic_unlifted,strong_or_deterministic,8354,0.975,0.28418807385011674
fixed_0.05,strong_or_deterministic,8354,0.075,0.004619401486242217
fixed_0.05,strong_or_deterministic,8354,0.125,0.004619401486242217
fixed_0.05,strong_or_deterministic,8354,0.175,0.013657360915846557
fixed_0.05,strong_or_deterministic,8354,0.225,0.013657360915846557
fixed_0.05,strong_or_deterministic,8354,0.275,0.004619401486242217
fixed_0.05,strong_or_deterministic,8354,0.325,0.00913838120104439
fixed_0.05,strong_or_deterministic,8354,0.375,0.004619401486242217
fixed_0.05,strong_or_deterministic,8354,0.425,0.01827676240208878
fixed_0.05,strong_or_deterministic,8354,0.475,0.013657360915846557
fixed_0.05,strong_or_deterministic,8354,0.525,0.004619401486242217
fixed_0.05,strong_or_deterministic,8354,0.575,0.00913838120104439
fixed_0.05,strong_or_deterministic,8354,0.625,0.022795742116890935
fixed_0.05,strong_or_deterministic,8354,0.675,0.07300662783691506
fixed_0.05,strong_or_deterministic,8354,0.725,0.17804780076320548
fixed_0.05,strong_or_deterministic,8354,0.775,0.08676441052420164
fixed_0.05,strong_or_deterministic,8354,0.825,0.1506326571600723
fixed_0.05,strong_or_deterministic,8354,0.875,0.08676441052420164
fixed_0.05,strong_or_deterministic,8354,0.925,0.1050411729262904
fixed_0.05,strong_or_deterministic,8354,0.975,0.19632456316529423
fixed_0.1,strong_or_deterministic,8354,0.125,0.004640839386602094
fixed_0.1,strong_or_deterministic,8354,0.175,0.013720742534301847
fixed_0.1,strong_or_deterministic,8354,0.225,0.013720742534301847
fixed_0.1,strong_or_deterministic,8354,0.275,0.004640839386602094
fixed_0.1,strong_or_deterministic,8354,0.325,0.009180790960451974
fixed_0.1,strong_or_deterministic,8354,0.375,0.004640839386602094
fixed_0.1,strong_or_deterministic,8354,0.425,0.01836158192090396
fixed_0.1,strong_or_deterministic,8354,0.475,0.013720742534301847
fixed_0.1,strong_or_deterministic,8354,0.525,0.004640839386602094
fixed_0.1,strong_or_deterministic,8354,0.575,0.009180790960451974
fixed_0.1,strong_or_deterministic,8354,0.625,0.02290153349475383
fixed_0.1,strong_or_deterministic,8354,0.675,0.07334543987086362
fixed_0.1,strong_or_deterministic,8354,0.725,0.1788740920096852
fixed_0.1,strong_or_deterministic,8354,0.775,0.08716707021791767
fixed_0.1,strong_or_deterministic,8354,0.825,0.15133171912832924
fixed_0.1,strong_or_deterministic,8354,0.875,0.08716707021791767
fixed_0.1,strong_or_deterministic,8354,0.925,0.10552865213882162
fixed_0.1,strong_or_deterministic,8354,0.975,0.1972356739305891
fixed_0.3,strong_or_deterministic,8354,0.325,0.009530791788856307
fixed_0.3,strong_or_deterministic,8354,0.375,0.004817762882279009
fixed_0.3,strong_or_deterministic,8354,0.425,0.019061583577712607
fixed_0.3,strong_or_deterministic,8354,0.475,0.014243820695433597
fixed_0.3,strong_or_deterministic,8354,0.525,0.004817762882279009
fixed_0.3,strong_or_deterministic,8354,0.575,0.009530791788856307
fixed_0.3,strong_or_deterministic,8354,0.625,0.023774612484289886
fixed_0.3,strong_or_deterministic,8354,0.675,0.0761416003351487
fixed_0.3,strong_or_deterministic,8354,0.725,0.18569333891914536
fixed_0.3,strong_or_deterministic,8354,0.775,0.090490155006284
fixed_0.3,strong_or_deterministic,8354,0.825,0.1571009635525764
fixed_0.3,strong_or_deterministic,8354,0.875,0.090490155006284
fixed_0.3,strong_or_deterministic,8354,0.925,0.1095517385839966
fixed_0.3,strong_or_deterministic,8354,0.975,0.20475492249685792
prior,uniform,8354,0.975,0.022702270227022706
prior,uniform,8354,0.925,0.013601360136013605
prior,uniform,8354,0.875,0.018201820182018196
prior,uniform,8354,0.825,0.04540454045404542
prior,uniform,8354,0.775,0.0273027302730273
prior,uniform,8354,0.725,0.0273027302730273
prior,uniform,8354,0.675,0.07270727072707273
prior,uniform,8354,0.625,0.054605460546054606
prior,uniform,8354,0.575,0.040904090409040916
prior,uniform,8354,0.525,0.0636063606360636
prior,uniform,8354,0.475,0.10911091109110913
prior,uniform,8354,0.425,0.059105910591059116
prior,uniform,8354,0.375,0.059105910591059116
prior,uniform,8354,0.325,0.0909090909090909
prior,uniform,8354,0.275,0.06820682068206822
prior,uniform,8354,0.225,0.04540454045404542
prior,uniform,8354,0.175,0.018201820182018196
prior,uniform,8354,0.125,0.12271227122712274
prior,uniform,8354,0.075,0.013601360136013605
prior,uniform,8354,0.025,0.0273027302730273
literal,uniform,8354,0.025,0.0015440792197479233
literal,uniform,8354,0.075,0.0021537925526740292
literal,uniform,8354,0.125,0.03331138817812225
literal,uniform,8354,0.175,0.00699982579619059
literal,uniform,8354,0.225,0.02259672270599602
literal,uniform,8354,0.275,0.04165959670686927
literal,uniform,8354,0.325,0.06580831698758624
literal,uniform,8354,0.375,0.049471619484582986
literal,uniform,8354,0.425,0.05615697346898603
literal,uniform,8354,0.475,0.11600842512969138
literal,uniform,8354,0.525,0.07482166733407095
literal,uniform,8354,0.575,0.05274303128202695
literal,uniform,8354,0.625,0.0765863292994971
literal,uniform,8354,0.675,0.11019861496659593
literal,uniform,8354,0.725,0.04446948152874018
literal,uniform,8354,0.775,0.04755763996823611
literal,uniform,8354,0.825,0.08422414826780328
literal,uniform,8354,0.875,0.035822637898151856
literal,uniform,8354,0.925,0.028306987835144393
literal,uniform,8354,0.975,0.04955872138928667
pragmatic_unlifted,uniform,8354,0.025,0.00007182069607163199
pragmatic_unlifted,uniform,8354,0.075,0.0002803382981881903
pragmatic_unlifted,uniform,8354,0.125,0.0074229815990255205
pragmatic_unlifted,uniform,8354,0.175,0.002205274710937493
pragmatic_unlifted,uniform,8354,0.225,0.009187913500502368
pragmatic_unlifted,uniform,8354,0.275,0.020718214297455108
pragmatic_unlifted,uniform,8354,0.325,0.03863087471177314
pragmatic_unlifted,uniform,8354,0.375,0.033419586383542255
pragmatic_unlifted,uniform,8354,0.425,0.04283008667112825
pragmatic_unlifted,uniform,8354,0.475,0.09841336824343286
pragmatic_unlifted,uniform,8354,0.525,0.06975756749108683
pragmatic_unlifted,uniform,8354,0.575,0.05350855543735043
pragmatic_unlifted,uniform,8354,0.625,0.08384627087612845
pragmatic_unlifted,uniform,8354,0.675,0.1292678580990805
pragmatic_unlifted,uniform,8354,0.725,0.05554961593315108
pragmatic_unlifted,uniform,8354,0.775,0.06292157530119406
pragmatic_unlifted,uniform,8354,0.825,0.11746370169322579
pragmatic_unlifted,uniform,8354,0.875,0.05244026024979348
pragmatic_unlifted,uniform,8354,0.925,0.043329365347066946
pragmatic_unlifted,uniform,8354,0.975,0.07873477045986527
fixed_0.05,uniform,8354,0.075,0.013983137980670378
fixed_0.05,uniform,8354,0.125,0.12615669339913638
fixed_0.05,uniform,8354,0.175,0.018712728768250045
fixed_0.05,uniform,8354,0.225,0.0466790047295908
fixed_0.05,uniform,8354,0.275,0.07012132428542053
fixed_0.05,uniform,8354,0.325,0.0934608266502159
fixed_0.05,uniform,8354,0.375,0.06076495990129551
fixed_0.05,uniform,8354,0.425,0.06076495990129551
fixed_0.05,uniform,8354,0.475,0.11217355541846599
fixed_0.05,uniform,8354,0.525,0.06539173349784085
fixed_0.05,uniform,8354,0.575,0.04205223113304546
fixed_0.05,uniform,8354,0.625,0.056138186304750155
fixed_0.05,uniform,8354,0.675,0.07474809788196589
fixed_0.05,uniform,8354,0.725,0.028069093152375078
fixed_0.05,uniform,8354,0.775,0.028069093152375078
fixed_0.05,uniform,8354,0.825,0.0466790047295908
fixed_0.05,uniform,8354,0.875,0.018712728768250045
fixed_0.05,uniform,8354,0.925,0.013983137980670378
fixed_0.05,uniform,8354,0.975,0.0233395023647954
fixed_0.1,uniform,8354,0.125,0.12794577685088637
fixed_0.1,uniform,8354,0.175,0.018978102189781017
fixed_0.1,uniform,8354,0.225,0.04734098018769553
fixed_0.1,uniform,8354,0.275,0.07111574556830033
fixed_0.1,uniform,8354,0.325,0.09478623566214806
fixed_0.1,uniform,8354,0.375,0.061626694473409814
fixed_0.1,uniform,8354,0.425,0.061626694473409814
fixed_0.1,uniform,8354,0.475,0.1137643378519291
fixed_0.1,uniform,8354,0.525,0.06631908237747655
fixed_0.1,uniform,8354,0.575,0.04264859228362879
fixed_0.1,uniform,8354,0.625,0.05693430656934307
fixed_0.1,uniform,8354,0.675,0.07580813347236706
fixed_0.1,uniform,8354,0.725,0.02846715328467153
fixed_0.1,uniform,8354,0.775,0.02846715328467153
fixed_0.1,uniform,8354,0.825,0.04734098018769553
fixed_0.1,uniform,8354,0.875,0.018978102189781017
fixed_0.1,uniform,8354,0.925,0.014181438998957244
fixed_0.1,uniform,8354,0.975,0.023670490093847762
fixed_0.3,uniform,8354,0.325,0.12902767920511
fixed_0.3,uniform,8354,0.375,0.08388928317955999
fixed_0.3,uniform,8354,0.425,0.08388928317955999
fixed_0.3,uniform,8354,0.475,0.15486160397444998
fixed_0.3,uniform,8354,0.525,0.09027679205110006
fixed_0.3,uniform,8354,0.575,0.058055358410220026
fixed_0.3,uniform,8354,0.625,0.07750177430801987
fixed_0.3,uniform,8354,0.675,0.10319375443577006
fixed_0.3,uniform,8354,0.725,0.03875088715400993
fixed_0.3,uniform,8354,0.775,0.03875088715400993
fixed_0.3,uniform,8354,0.825,0.06444286728176013
fixed_0.3,uniform,8354,0.875,0.025833924769339947
fixed_0.3,uniform,8354,0.925,0.01930447125621008
fixed_0.3,uniform,8354,0.975,0.03222143364088006
prior,weak_or_deterministic,8354,0.975,0.17728227177282274
prior,weak_or_deterministic,8354,0.925,0.08639136086391361
prior,weak_or_deterministic,8354,0.875,0.04539546045395462
prior,weak_or_deterministic,8354,0.825,0.022697730226977308
prior,weak_or_deterministic,8354,0.775,0.040895910408959124
prior,weak_or_deterministic,8354,0.725,0.07729227077292271
prior,weak_or_deterministic,8354,0.675,0.04539546045395462
prior,weak_or_deterministic,8354,0.625,0.018198180181981813
prior,weak_or_deterministic,8354,0.575,0.004599540045995405
prior,weak_or_deterministic,8354,0.525,0.022697730226977308
prior,weak_or_deterministic,8354,0.475,0.013598640135986407
prior,weak_or_deterministic,8354,0.425,0.018198180181981813
prior,weak_or_deterministic,8354,0.375,0.009099090090990906
prior,weak_or_deterministic,8354,0.325,0.009099090090990906
prior,weak_or_deterministic,8354,0.275,0.03639636036396362
prior,weak_or_deterministic,8354,0.225,0.10908909109089093
prior,weak_or_deterministic,8354,0.175,0.13638636136386367
prior,weak_or_deterministic,8354,0.125,0.10908909109089093
prior,weak_or_deterministic,8354,0.075,0.013598640135986407
prior,weak_or_deterministic,8354,0.025,0.004599540045995405
literal,weak_or_deterministic,8354,0.025,0.00021160574721209452
literal,weak_or_deterministic,8354,0.075,0.0017517275769209886
literal,weak_or_deterministic,8354,0.125,0.024089934282615105
literal,weak_or_deterministic,8354,0.175,0.04266707883786122
literal,weak_or_deterministic,8354,0.225,0.04416487951812768
literal,weak_or_deterministic,8354,0.275,0.018084011161743154
literal,weak_or_deterministic,8354,0.325,0.00535822552940538
literal,weak_or_deterministic,8354,0.375,0.006195448268374976
literal,weak_or_deterministic,8354,0.425,0.014065342014689113
literal,weak_or_deterministic,8354,0.475,0.01176159944504093
literal,weak_or_deterministic,8354,0.525,0.02171994991383968
literal,weak_or_deterministic,8354,0.575,0.004824611036435755
literal,weak_or_deterministic,8354,0.625,0.020763123926445862
literal,weak_or_deterministic,8354,0.675,0.05597064016258682
literal,weak_or_deterministic,8354,0.725,0.10240982145075066
literal,weak_or_deterministic,8354,0.775,0.05794869388652595
literal,weak_or_deterministic,8354,0.825,0.03425069024874715
literal,weak_or_deterministic,8354,0.875,0.07267829394246351
literal,weak_or_deterministic,8354,0.925,0.14626189247299956
literal,weak_or_deterministic,8354,0.975,0.3148224305772145
pragmatic_unlifted,weak_or_deterministic,8354,0.025,0.0000075057616333843635
pragmatic_unlifted,weak_or_deterministic,8354,0.075,0.00017390823920996717
pragmatic_unlifted,weak_or_deterministic,8354,0.125,0.004096292777712279
pragmatic_unlifted,weak_or_deterministic,8354,0.175,0.010264420469818996
pragmatic_unlifted,weak_or_deterministic,8354,0.225,0.013724973249148412
pragmatic_unlifted,weak_or_deterministic,8354,0.275,0.00688162897228587
pragmatic_unlifted,weak_or_deterministic,8354,0.325,0.002410059432297909
pragmatic_unlifted,weak_or_deterministic,8354,0.375,0.0032118852531802557
pragmatic_unlifted,weak_or_deterministic,8354,0.425,0.00824746530123019
pragmatic_unlifted,weak_or_deterministic,8354,0.475,0.007686509509184974
pragmatic_unlifted,weak_or_deterministic,8354,0.525,0.015634432042056366
pragmatic_unlifted,weak_or_deterministic,8354,0.575,0.003788137129598143
pragmatic_unlifted,weak_or_deterministic,8354,0.625,0.01763834527156239
pragmatic_unlifted,weak_or_deterministic,8354,0.675,0.051087279064957955
pragmatic_unlifted,weak_or_deterministic,8354,0.725,0.0998340132571896
pragmatic_unlifted,weak_or_deterministic,8354,0.775,0.06001936064915959
pragmatic_unlifted,weak_or_deterministic,8354,0.825,0.03751647962264894
pragmatic_unlifted,weak_or_deterministic,8354,0.875,0.08384512150473564
pragmatic_unlifted,weak_or_deterministic,8354,0.925,0.17706167771111314
pragmatic_unlifted,weak_or_deterministic,8354,0.975,0.3968705047812756
fixed_0.05,weak_or_deterministic,8354,0.075,0.013661476644902056
fixed_0.05,weak_or_deterministic,8354,0.125,0.1095931692616775
fixed_0.05,weak_or_deterministic,8354,0.175,0.13701657458563532
fixed_0.05,weak_or_deterministic,8354,0.225,0.1095931692616775
fixed_0.05,weak_or_deterministic,8354,0.275,0.03656454043194374
fixed_0.05,weak_or_deterministic,8354,0.325,0.009141135107985938
fixed_0.05,weak_or_deterministic,8354,0.375,0.009141135107985938
fixed_0.05,weak_or_deterministic,8354,0.425,0.018282270215971876
fixed_0.05,weak_or_deterministic,8354,0.475,0.013661476644902056
fixed_0.05,weak_or_deterministic,8354,0.525,0.02280261175288799
fixed_0.05,weak_or_deterministic,8354,0.575,0.004620793571069816
fixed_0.05,weak_or_deterministic,8354,0.625,0.018282270215971876
fixed_0.05,weak_or_deterministic,8354,0.675,0.04560522350577598
fixed_0.05,weak_or_deterministic,8354,0.725,0.07764942240080357
fixed_0.05,weak_or_deterministic,8354,0.775,0.041084881968859864
fixed_0.05,weak_or_deterministic,8354,0.825,0.02280261175288799
fixed_0.05,weak_or_deterministic,8354,0.875,0.04560522350577598
fixed_0.05,weak_or_deterministic,8354,0.925,0.0867905575087895
fixed_0.05,weak_or_deterministic,8354,0.975,0.17810145655449516
fixed_0.1,weak_or_deterministic,8354,0.125,0.11111111111111109
fixed_0.1,weak_or_deterministic,8354,0.175,0.1389143497301151
fixed_0.1,weak_or_deterministic,8354,0.225,0.11111111111111109
fixed_0.1,weak_or_deterministic,8354,0.275,0.037070984825338625
fixed_0.1,weak_or_deterministic,8354,0.325,0.00926774620633466
fixed_0.1,weak_or_deterministic,8354,0.375,0.00926774620633466
fixed_0.1,weak_or_deterministic,8354,0.425,0.01853549241266932
fixed_0.1,weak_or_deterministic,8354,0.475,0.013850697627049597
fixed_0.1,weak_or_deterministic,8354,0.525,0.023118443833384253
fixed_0.1,weak_or_deterministic,8354,0.575,0.004684794785619719
fixed_0.1,weak_or_deterministic,8354,0.625,0.01853549241266932
fixed_0.1,weak_or_deterministic,8354,0.675,0.046236887666768506
fixed_0.1,weak_or_deterministic,8354,0.725,0.07872492107139216
fixed_0.1,weak_or_deterministic,8354,0.775,0.04165393624605357
fixed_0.1,weak_or_deterministic,8354,0.825,0.023118443833384253
fixed_0.1,weak_or_deterministic,8354,0.875,0.046236887666768506
fixed_0.1,weak_or_deterministic,8354,0.925,0.08799266727772682
fixed_0.1,weak_or_deterministic,8354,0.975,0.18056828597616864
fixed_0.3,weak_or_deterministic,8354,0.325,0.015400236926721952
fixed_0.3,weak_or_deterministic,8354,0.375,0.015400236926721952
fixed_0.3,weak_or_deterministic,8354,0.425,0.030800473853443904
fixed_0.3,weak_or_deterministic,8354,0.475,0.02301573870367236
fixed_0.3,weak_or_deterministic,8354,0.525,0.038415975630394304
fixed_0.3,weak_or_deterministic,8354,0.575,0.007784735149771539
fixed_0.3,weak_or_deterministic,8354,0.625,0.030800473853443904
fixed_0.3,weak_or_deterministic,8354,0.675,0.07683195126078862
fixed_0.3,weak_or_deterministic,8354,0.725,0.13081739719072594
fixed_0.3,weak_or_deterministic,8354,0.775,0.0692164494838382
fixed_0.3,weak_or_deterministic,8354,0.825,0.038415975630394304
fixed_0.3,weak_or_deterministic,8354,0.875,0.07683195126078862
fixed_0.3,weak_or_deterministic,8354,0.925,0.1462176341174479
fixed_0.3,weak_or_deterministic,8354,0.975,0.3000507700118462
prior,weak_or_half,8354,0.975,0.004598620413875837
prior,weak_or_half,8354,0.925,0.004598620413875837
prior,weak_or_half,8354,0.875,0.004598620413875837
prior,weak_or_half,8354,0.825,0.004598620413875837
prior,weak_or_half,8354,0.775,0.00909727081875437
prior,weak_or_half,8354,0.725,0.00909727081875437
prior,weak_or_half,8354,0.675,0.0135959212236329
prior,weak_or_half,8354,0.625,0.018194541637508742
prior,weak_or_half,8354,0.575,0.031790462861141656
prior,weak_or_half,8354,0.525,0.05908227531740476
prior,weak_or_half,8354,0.475,0.12266320103968806
prior,weak_or_half,8354,0.425,0.13176047185844245
prior,weak_or_half,8354,0.375,0.10456862941117663
prior,weak_or_half,8354,0.325,0.05908227531740476
prior,weak_or_half,8354,0.275,0.1272618214535639
prior,weak_or_half,8354,0.225,0.12266320103968806
prior,weak_or_half,8354,0.175,0.10456862941117663
prior,weak_or_half,8354,0.125,0.031790462861141656
prior,weak_or_half,8354,0.075,0.00909727081875437
prior,weak_or_half,8354,0.025,0.027291812456263116
literal,weak_or_half,8354,0.025,0.0019269889985162895
literal,weak_or_half,8354,0.075,0.0017985230652818698
literal,weak_or_half,8354,0.125,0.010774197829066908
literal,weak_or_half,8354,0.175,0.05020618076427347
literal,weak_or_half,8354,0.225,0.0762155912468113
literal,weak_or_half,8354,0.275,0.09704401299341159
literal,weak_or_half,8354,0.325,0.053396653391853566
literal,weak_or_half,8354,0.375,0.10927227578106583
literal,weak_or_half,8354,0.425,0.15629363077196726
literal,weak_or_half,8354,0.475,0.1628242176636423
literal,weak_or_half,8354,0.525,0.08676956176176207
literal,weak_or_half,8354,0.575,0.05117743968806784
literal,weak_or_half,8354,0.625,0.03185955144213601
literal,weak_or_half,8354,0.675,0.02572706777213252
literal,weak_or_half,8354,0.725,0.018499094385756372
literal,weak_or_half,8354,0.775,0.019783753718100587
literal,weak_or_half,8354,0.825,0.010649967036488584
literal,weak_or_half,8354,0.875,0.011299355270420811
literal,weak_or_half,8354,0.925,0.011948743504353045
literal,weak_or_half,8354,0.975,0.01253319291489204
pragmatic_unlifted,weak_or_half,8354,0.025,0.00011772653568519843
pragmatic_unlifted,weak_or_half,8354,0.075,0.00030737233117034704
pragmatic_unlifted,weak_or_half,8354,0.125,0.003150065518693487
pragmatic_unlifted,weak_or_half,8354,0.175,0.020729721484233014
pragmatic_unlifted,weak_or_half,8354,0.225,0.04055305076751029
pragmatic_unlifted,weak_or_half,8354,0.275,0.06303775974583935
pragmatic_unlifted,weak_or_half,8354,0.325,0.04085002463971443
pragmatic_unlifted,weak_or_half,8354,0.375,0.09595275357656616
pragmatic_unlifted,weak_or_half,8354,0.425,0.15449729905561563
pragmatic_unlifted,weak_or_half,8354,0.475,0.17844724773481124
pragmatic_unlifted,weak_or_half,8354,0.525,0.10413972953967549
pragmatic_unlifted,weak_or_half,8354,0.575,0.06658167148837398
pragmatic_unlifted,weak_or_half,8354,0.625,0.04454559386723107
pragmatic_unlifted,weak_or_half,8354,0.675,0.03837439142926671
pragmatic_unlifted,weak_or_half,8354,0.725,0.029248806902404383
pragmatic_unlifted,weak_or_half,8354,0.775,0.0329711831649622
pragmatic_unlifted,weak_or_half,8354,0.825,0.0186158973119329
pragmatic_unlifted,weak_or_half,8354,0.875,0.02062406541642458
pragmatic_unlifted,weak_or_half,8354,0.925,0.022682960430539745
pragmatic_unlifted,weak_or_half,8354,0.975,0.02457267905934975
fixed_0.05,weak_or_half,8354,0.075,0.009352517985611507
fixed_0.05,weak_or_half,8354,0.125,0.0326824254881809
fixed_0.05,weak_or_half,8354,0.175,0.10750256937307301
fixed_0.05,weak_or_half,8354,0.225,0.1261048304213772
fixed_0.05,weak_or_half,8354,0.275,0.13083247687564237
fixed_0.05,weak_or_half,8354,0.325,0.06073997944501543
fixed_0.05,weak_or_half,8354,0.375,0.10750256937307301
fixed_0.05,weak_or_half,8354,0.425,0.13545734840698873
fixed_0.05,weak_or_half,8354,0.475,0.1261048304213772
fixed_0.05,weak_or_half,8354,0.525,0.06073997944501543
fixed_0.05,weak_or_half,8354,0.575,0.0326824254881809
fixed_0.05,weak_or_half,8354,0.625,0.018705035971223024
fixed_0.05,weak_or_half,8354,0.675,0.013977389516957853
fixed_0.05,weak_or_half,8354,0.725,0.009352517985611507
fixed_0.05,weak_or_half,8354,0.775,0.009352517985611507
fixed_0.05,weak_or_half,8354,0.825,0.004727646454265159
fixed_0.05,weak_or_half,8354,0.875,0.004727646454265159
fixed_0.05,weak_or_half,8354,0.925,0.004727646454265159
fixed_0.05,weak_or_half,8354,0.975,0.004727646454265159
fixed_0.1,weak_or_half,8354,0.125,0.032990974167444766
fixed_0.1,weak_or_half,8354,0.175,0.10851748106650069
fixed_0.1,weak_or_half,8354,0.225,0.12729536258948027
fixed_0.1,weak_or_half,8354,0.275,0.13206764187156347
fixed_0.1,weak_or_half,8354,0.325,0.061313414254590734
fixed_0.1,weak_or_half,8354,0.375,0.10851748106650069
fixed_0.1,weak_or_half,8354,0.425,0.13673617595186227
fixed_0.1,weak_or_half,8354,0.475,0.12729536258948027
fixed_0.1,weak_or_half,8354,0.525,0.061313414254590734
fixed_0.1,weak_or_half,8354,0.575,0.032990974167444766
fixed_0.1,weak_or_half,8354,0.625,0.01888162672476398
fixed_0.1,weak_or_half,8354,0.675,0.014109347442680772
fixed_0.1,weak_or_half,8354,0.725,0.00944081336238199
fixed_0.1,weak_or_half,8354,0.775,0.00944081336238199
fixed_0.1,weak_or_half,8354,0.825,0.004772279282083206
fixed_0.1,weak_or_half,8354,0.875,0.004772279282083206
fixed_0.1,weak_or_half,8354,0.925,0.004772279282083206
fixed_0.1,weak_or_half,8354,0.975,0.004772279282083206
fixed_0.3,weak_or_half,8354,0.325,0.10233766233766237
fixed_0.3,weak_or_half,8354,0.375,0.18112554112554116
fixed_0.3,weak_or_half,8354,0.425,0.2282251082251083
fixed_0.3,weak_or_half,8354,0.475,0.21246753246753247
fixed_0.3,weak_or_half,8354,0.525,0.10233766233766237
fixed_0.3,weak_or_half,8354,0.575,0.055064935064935074
fixed_0.3,weak_or_half,8354,0.625,0.03151515151515151
fixed_0.3,weak_or_half,8354,0.675,0.02354978354978354
fixed_0.3,weak_or_half,8354,0.725,0.015757575757575755
fixed_0.3,weak_or_half,8354,0.775,0.015757575757575755
fixed_0.3,weak_or_half,8354,0.825,0.007965367965367967
fixed_0.3,weak_or_half,8354,0.875,0.007965367965367967
fixed_0.3,weak_or_half,8354,0.925,0.007965367965367967
fixed_0.3,weak_or_half,8354,0.975,0.007965367965367967
prior,weak_or_strong,8354,0.975,0.004598620413875837
prior,weak_or_strong,8354,0.925,0.004598620413875837
prior,weak_or_strong,8354,0.875,0.004598620413875837
prior,weak_or_strong,8354,0.825,0.036389083275017484
prior,weak_or_strong,8354,0.775,0.040887733679896024
prior,weak_or_strong,8354,0.725,0.09997000899730081
prior,weak_or_strong,8354,0.675,0.1135659302209337
prior,weak_or_strong,8354,0.625,0.06817954613615913
prior,weak_or_strong,8354,0.575,0.022693192042387286
prior,weak_or_strong,8354,0.525,0.0135959212236329
prior,weak_or_strong,8354,0.475,0.022693192042387286
prior,weak_or_strong,8354,0.425,0.06817954613615913
prior,weak_or_strong,8354,0.375,0.04538638408477456
prior,weak_or_strong,8354,0.325,0.027291812456263116
prior,weak_or_strong,8354,0.275,0.10456862941117663
prior,weak_or_strong,8354,0.225,0.1863440967709687
prior,weak_or_strong,8354,0.175,0.05908227531740476
prior,weak_or_strong,8354,0.125,0.06817954613615913
prior,weak_or_strong,8354,0.075,0.004598620413875837
prior,weak_or_strong,8354,0.025,0.004598620413875837
literal,weak_or_strong,8354,0.025,0.000263045934682263
literal,weak_or_strong,8354,0.075,0.0007365286171103364
literal,weak_or_strong,8354,0.125,0.0187197211255621
literal,weak_or_strong,8354,0.175,0.022981065267414776
literal,weak_or_strong,8354,0.225,0.09379989295174135
literal,weak_or_strong,8354,0.275,0.06459950684605632
literal,weak_or_strong,8354,0.325,0.019982341612036977
literal,weak_or_strong,8354,0.375,0.03842300531124052
literal,weak_or_strong,8354,0.425,0.06551902393946733
literal,weak_or_strong,8354,0.475,0.024403800670652773
literal,weak_or_strong,8354,0.525,0.016176181304982322
literal,weak_or_strong,8354,0.575,0.029596098685685284
literal,weak_or_strong,8354,0.625,0.09671855914873766
literal,weak_or_strong,8354,0.675,0.17409523635249075
literal,weak_or_strong,8354,0.725,0.1646896286706346
literal,weak_or_strong,8354,0.775,0.07203570105172627
literal,weak_or_strong,8354,0.825,0.06827300050779297
literal,weak_or_strong,8354,0.875,0.009153998526942776
literal,weak_or_strong,8354,0.925,0.009680090396307305
literal,weak_or_strong,8354,0.975,0.010153573078735368
pragmatic_unlifted,weak_or_strong,8354,0.025,0.000012425809565102852
pragmatic_unlifted,weak_or_strong,8354,0.075,0.00009735881635887065
pragmatic_unlifted,weak_or_strong,8354,0.125,0.004236223699641948
pragmatic_unlifted,weak_or_strong,8354,0.175,0.007352234323975552
pragmatic_unlifted,weak_or_strong,8354,0.225,0.038727596779025535
pragmatic_unlifted,weak_or_strong,8354,0.275,0.0326196703306056
pragmatic_unlifted,weak_or_strong,8354,0.325,0.011908937626194528
pragmatic_unlifted,weak_or_strong,8354,0.375,0.02634890283357534
pragmatic_unlifted,weak_or_strong,8354,0.425,0.050720801442439234
pragmatic_unlifted,weak_or_strong,8354,0.475,0.021010511606866563
pragmatic_unlifted,weak_or_strong,8354,0.525,0.015303470751893065
pragmatic_unlifted,weak_or_strong,8354,0.575,0.03046298519031017
pragmatic_unlifted,weak_or_strong,8354,0.625,0.10741050795897708
pragmatic_unlifted,weak_or_strong,8354,0.675,0.20712159174706216
pragmatic_unlifted,weak_or_strong,8354,0.725,0.2086047668344533
pragmatic_unlifted,weak_or_strong,8354,0.775,0.09662212136206572
pragmatic_unlifted,weak_or_strong,8354,0.825,0.096509914877466
pragmatic_unlifted,weak_or_strong,8354,0.875,0.01357927542822413
pragmatic_unlifted,weak_or_strong,8354,0.925,0.015011554472844734
pragmatic_unlifted,weak_or_strong,8354,0.975,0.01633914810845591
fixed_0.05,weak_or_strong,8354,0.075,0.004619865421311638
fixed_0.05,weak_or_strong,8354,0.125,0.0684945264637943
fixed_0.05,weak_or_strong,8354,0.175,0.05935522747815606
fixed_0.05,weak_or_strong,8354,0.225,0.18720498142010641
fixed_0.05,weak_or_strong,8354,0.275,0.10505172240634728
fixed_0.05,weak_or_strong,8354,0.325,0.027417896956914732
fixed_0.05,weak_or_strong,8354,0.375,0.04559606307120618
fixed_0.05,weak_or_strong,8354,0.425,0.0684945264637943
fixed_0.05,weak_or_strong,8354,0.475,0.0227980315356031
fixed_0.05,weak_or_strong,8354,0.525,0.013658732549964834
fixed_0.05,weak_or_strong,8354,0.575,0.0227980315356031
fixed_0.05,weak_or_strong,8354,0.625,0.0684945264637943
fixed_0.05,weak_or_strong,8354,0.675,0.1140905895350005
fixed_0.05,weak_or_strong,8354,0.725,0.10043185698503566
fixed_0.05,weak_or_strong,8354,0.775,0.041076629506879576
fixed_0.05,weak_or_strong,8354,0.825,0.036557195942552974
fixed_0.05,weak_or_strong,8354,0.875,0.004619865421311638
fixed_0.05,weak_or_strong,8354,0.925,0.004619865421311638
fixed_0.05,weak_or_strong,8354,0.975,0.004619865421311638
fixed_0.1,weak_or_strong,8354,0.125,0.0688124306326304
fixed_0.1,weak_or_strong,8354,0.175,0.059630713348804355
fixed_0.1,weak_or_strong,8354,0.225,0.18807385733023912
fixed_0.1,weak_or_strong,8354,0.275,0.10553929976793462
fixed_0.1,weak_or_strong,8354,0.325,0.02754515185147816
fixed_0.1,weak_or_strong,8354,0.375,0.0458076884270003
fixed_0.1,weak_or_strong,8354,0.425,0.0688124306326304
fixed_0.1,weak_or_strong,8354,0.475,0.02290384421350016
fixed_0.1,weak_or_strong,8354,0.525,0.013722126929674094
fixed_0.1,weak_or_strong,8354,0.575,0.02290384421350016
fixed_0.1,weak_or_strong,8354,0.625,0.0688124306326304
fixed_0.1,weak_or_strong,8354,0.675,0.11462011905963072
fixed_0.1,weak_or_strong,8354,0.725,0.10089799212995665
fixed_0.1,weak_or_strong,8354,0.775,0.04126727878115226
fixed_0.1,weak_or_strong,8354,0.825,0.03672686913530421
fixed_0.1,weak_or_strong,8354,0.875,0.004641307637978005
fixed_0.1,weak_or_strong,8354,0.925,0.004641307637978005
fixed_0.1,weak_or_strong,8354,0.975,0.004641307637978005
fixed_0.3,weak_or_strong,8354,0.325,0.04766061452513967
fixed_0.3,weak_or_strong,8354,0.375,0.07925977653631285
fixed_0.3,weak_or_strong,8354,0.425,0.11906424581005585
fixed_0.3,weak_or_strong,8354,0.475,0.03962988826815644
fixed_0.3,weak_or_strong,8354,0.525,0.023743016759776525
fixed_0.3,weak_or_strong,8354,0.575,0.03962988826815644
fixed_0.3,weak_or_strong,8354,0.625,0.11906424581005585
fixed_0.3,weak_or_strong,8354,0.675,0.19832402234636873
fixed_0.3,weak_or_strong,8354,0.725,0.17458100558659223
fixed_0.3,weak_or_strong,8354,0.775,0.0714036312849162
fixed_0.3,weak_or_strong,8354,0.825,0.06354748603351955
fixed_0.3,weak_or_strong,8354,0.875,0.008030726256983246
fixed_0.3,weak_or_strong,8354,0.925,0.008030726256983246
fixed_0.3,weak_or_strong,8354,0.975,0.008030726256983246
prior,half_or_deterministic,8355,0.975,0.24085182963407317
prior,half_or_deterministic,8355,0.925,0.08638272345530892
prior,half_or_deterministic,8355,0.875,0.03179364127174565
prior,half_or_deterministic,8355,0.825,0.02269546090781843
prior,half_or_deterministic,8355,0.775,0.009098180363927216
prior,half_or_deterministic,8355,0.725,0.009098180363927216
prior,half_or_deterministic,8355,0.675,0.05908818236352728
prior,half_or_deterministic,8355,0.625,0.0772845430913817
prior,half_or_deterministic,8355,0.575,0.05908818236352728
prior,half_or_deterministic,8355,0.525,0.0772845430913817
prior,half_or_deterministic,8355,0.475,0.16816636672665464
prior,half_or_deterministic,8355,0.425,0.049990001999600076
prior,half_or_deterministic,8355,0.375,0.013597280543891218
prior,half_or_deterministic,8355,0.325,0.02269546090781843
prior,half_or_deterministic,8355,0.275,0.009098180363927216
prior,half_or_deterministic,8355,0.225,0.02269546090781843
prior,half_or_deterministic,8355,0.175,0.004599080183963205
prior,half_or_deterministic,8355,0.125,0.004599080183963205
prior,half_or_deterministic,8355,0.075,0.004599080183963205
prior,half_or_deterministic,8355,0.025,0.02729454109178164
literal,half_or_deterministic,8355,0.025,0.0010414425467046913
literal,half_or_deterministic,8355,0.075,0.0004913472528042638
literal,half_or_deterministic,8355,0.125,0.0008423095762358819
literal,half_or_deterministic,8355,0.175,0.001193271899667499
literal,half_or_deterministic,8355,0.225,0.007620460187902176
literal,half_or_deterministic,8355,0.275,0.003749193168136891
literal,half_or_deterministic,8355,0.325,0.011084305727857704
literal,half_or_deterministic,8355,0.375,0.007678445267425656
literal,half_or_deterministic,8355,0.425,0.032044386052452065
literal,half_or_deterministic,8355,0.475,0.1206303283328831
literal,half_or_deterministic,8355,0.525,0.061336006750684006
literal,half_or_deterministic,8355,0.575,0.0514037729975692
literal,half_or_deterministic,8355,0.625,0.07313139266427708
literal,half_or_deterministic,8355,0.675,0.06042197878661643
literal,half_or_deterministic,8355,0.725,0.009997848448365043
literal,half_or_deterministic,8355,0.775,0.010692143479501516
literal,half_or_deterministic,8355,0.825,0.02840353342763535
literal,half_or_deterministic,8355,0.875,0.04221618973938757
literal,half_or_deterministic,8355,0.925,0.12129257897796716
literal,half_or_deterministic,8355,0.975,0.3547290647159267
pragmatic_unlifted,half_or_deterministic,8355,0.025,0.000035979695078406645
pragmatic_unlifted,half_or_deterministic,8355,0.075,0.000047517171249830816
pragmatic_unlifted,half_or_deterministic,8355,0.125,0.00013955794208617495
pragmatic_unlifted,half_or_deterministic,8355,0.175,0.0002798270252712696
pragmatic_unlifted,half_or_deterministic,8355,0.225,0.0023097634859189854
pragmatic_unlifted,half_or_deterministic,8355,0.275,0.0013924852323472829
pragmatic_unlifted,half_or_deterministic,8355,0.325,0.004870085519393295
pragmatic_unlifted,half_or_deterministic,8355,0.375,0.003892303547055925
pragmatic_unlifted,half_or_deterministic,8355,0.425,0.018392970123343774
pragmatic_unlifted,half_or_deterministic,8355,0.475,0.0772663315904393
pragmatic_unlifted,half_or_deterministic,8355,0.525,0.043331883848510236
pragmatic_unlifted,half_or_deterministic,8355,0.575,0.039671636999306585
pragmatic_unlifted,half_or_deterministic,8355,0.625,0.061164218331976224
pragmatic_unlifted,half_or_deterministic,8355,0.675,0.05439197340371024
pragmatic_unlifted,half_or_deterministic,8355,0.725,0.009630312750770868
pragmatic_unlifted,half_or_deterministic,8355,0.775,0.010963971214637625
pragmatic_unlifted,half_or_deterministic,8355,0.825,0.030866412443690993
pragmatic_unlifted,half_or_deterministic,8355,0.875,0.04842438534501771
pragmatic_unlifted,half_or_deterministic,8355,0.925,0.14633023104710352
pragmatic_unlifted,half_or_deterministic,8355,0.975,0.44659815328309177
fixed_0.05,half_or_deterministic,8355,0.075,0.004728132387706854
fixed_0.05,half_or_deterministic,8355,0.125,0.004728132387706854
fixed_0.05,half_or_deterministic,8355,0.175,0.004728132387706854
fixed_0.05,half_or_deterministic,8355,0.225,0.023332305478466438
fixed_0.05,half_or_deterministic,8355,0.275,0.009353479288724433
fixed_0.05,half_or_deterministic,8355,0.325,0.023332305478466438
fixed_0.05,half_or_deterministic,8355,0.375,0.013978826189742007
fixed_0.05,half_or_deterministic,8355,0.425,0.051392743344639745
fixed_0.05,half_or_deterministic,8355,0.475,0.17288518861136803
fixed_0.05,half_or_deterministic,8355,0.525,0.07945318121081303
fixed_0.05,half_or_deterministic,8355,0.575,0.06074622263336416
fixed_0.05,half_or_deterministic,8355,0.625,0.07945318121081303
fixed_0.05,half_or_deterministic,8355,0.675,0.06074622263336416
fixed_0.05,half_or_deterministic,8355,0.725,0.009353479288724433
fixed_0.05,half_or_deterministic,8355,0.775,0.009353479288724433
fixed_0.05,half_or_deterministic,8355,0.825,0.023332305478466438
fixed_0.05,half_or_deterministic,8355,0.875,0.032685784767190876
fixed_0.05,half_or_deterministic,8355,0.925,0.08880666049953748
fixed_0.05,half_or_deterministic,8355,0.975,0.24761023743447425
fixed_0.1,half_or_deterministic,8355,0.125,0.004750593824228026
fixed_0.1,half_or_deterministic,8355,0.175,0.004750593824228026
fixed_0.1,half_or_deterministic,8355,0.225,0.02344314778477744
fixed_0.1,half_or_deterministic,8355,0.275,0.00939791386966849
fixed_0.1,half_or_deterministic,8355,0.325,0.02344314778477744
fixed_0.1,half_or_deterministic,8355,0.375,0.014045233915108951
fixed_0.1,half_or_deterministic,8355,0.425,0.051636889393782914
fixed_0.1,half_or_deterministic,8355,0.475,0.17370649592068574
fixed_0.1,half_or_deterministic,8355,0.525,0.07983063100278838
fixed_0.1,half_or_deterministic,8355,0.575,0.06103480326345139
fixed_0.1,half_or_deterministic,8355,0.625,0.07983063100278838
fixed_0.1,half_or_deterministic,8355,0.675,0.06103480326345139
fixed_0.1,half_or_deterministic,8355,0.725,0.00939791386966849
fixed_0.1,half_or_deterministic,8355,0.775,0.00939791386966849
fixed_0.1,half_or_deterministic,8355,0.825,0.02344314778477744
fixed_0.1,half_or_deterministic,8355,0.875,0.03284106165444593
fixed_0.1,half_or_deterministic,8355,0.925,0.08922854487245688
fixed_0.1,half_or_deterministic,8355,0.975,0.24878653309924614
fixed_0.3,half_or_deterministic,8355,0.325,0.02447967216650491
fixed_0.3,half_or_deterministic,8355,0.375,0.014666235306804706
fixed_0.3,half_or_deterministic,8355,0.425,0.05391998274560555
fixed_0.3,half_or_deterministic,8355,0.475,0.18138682195621697
fixed_0.3,half_or_deterministic,8355,0.525,0.08336029332470617
fixed_0.3,half_or_deterministic,8355,0.575,0.06373341960530574
fixed_0.3,half_or_deterministic,8355,0.625,0.08336029332470617
fixed_0.3,half_or_deterministic,8355,0.675,0.06373341960530574
fixed_0.3,half_or_deterministic,8355,0.725,0.00981343685970021
fixed_0.3,half_or_deterministic,8355,0.775,0.00981343685970021
fixed_0.3,half_or_deterministic,8355,0.825,0.02447967216650491
fixed_0.3,half_or_deterministic,8355,0.875,0.03429310902620511
fixed_0.3,half_or_deterministic,8355,0.925,0.09317373018440639
fixed_0.3,half_or_deterministic,8355,0.975,0.25978647686832745
prior,rare_deterministic,8355,0.975,0.17730000000000012
prior,rare_deterministic,8355,0.925,0.09540000000000004
prior,rare_deterministic,8355,0.875,0.13640000000000005
prior,rare_deterministic,8355,0.825,0.013600000000000004
prior,rare_deterministic,8355,0.775,0.018199999999999997
prior,rare_deterministic,8355,0.725,0.009099999999999997
prior,rare_deterministic,8355,0.675,0.022700000000000015
prior,rare_deterministic,8355,0.625,0.018199999999999997
prior,rare_deterministic,8355,0.575,0.009099999999999997
prior,rare_deterministic,8355,0.525,0.05000000000000003
prior,rare_deterministic,8355,0.475,0.07270000000000003
prior,rare_deterministic,8355,0.425,0.009099999999999997
prior,rare_deterministic,8355,0.375,0.027300000000000012
prior,rare_deterministic,8355,0.325,0.004600000000000001
prior,rare_deterministic,8355,0.275,0.013600000000000004
prior,rare_deterministic,8355,0.225,0.009099999999999997
prior,rare_deterministic,8355,0.175,0.031800000000000016
prior,rare_deterministic,8355,0.125,0.009099999999999997
prior,rare_deterministic,8355,0.075,0.031800000000000016
prior,rare_deterministic,8355,0.025,0.24090000000000011
literal,rare_deterministic,8355,0.025,0.011216901062183248
literal,rare_deterministic,8355,0.075,0.00414592308251057
literal,rare_deterministic,8355,0.125,0.0020338490593448076
literal,rare_deterministic,8355,0.175,0.010068670343239956
literal,rare_deterministic,8355,0.225,0.0037287232754654835
literal,rare_deterministic,8355,0.275,0.006839096836917706
literal,rare_deterministic,8355,0.325,0.0027415987320105846
literal,rare_deterministic,8355,0.375,0.018813103798939492
literal,rare_deterministic,8355,0.425,0.0071184717077068214
literal,rare_deterministic,8355,0.475,0.06363973306662339
literal,rare_deterministic,8355,0.525,0.048424977603447855
literal,rare_deterministic,8355,0.575,0.009660783031887842
literal,rare_deterministic,8355,0.625,0.02101644027989636
literal,rare_deterministic,8355,0.675,0.02832674939887844
literal,rare_deterministic,8355,0.725,0.01220309435606884
literal,rare_deterministic,8355,0.775,0.026101062928258388
literal,rare_deterministic,8355,0.825,0.020770590393601948
literal,rare_deterministic,8355,0.875,0.2210190477786904
literal,rare_deterministic,8355,0.925,0.16346782439613117
literal,rare_deterministic,8355,0.975,0.31866335886819674
pragmatic_unlifted,rare_deterministic,8355,0.025,0.00037365492470293533
pragmatic_unlifted,rare_deterministic,8355,0.075,0.00038654598233926643
pragmatic_unlifted,rare_deterministic,8355,0.125,0.0003247813992386466
pragmatic_unlifted,rare_deterministic,8355,0.175,0.0022746604303997406
pragmatic_unlifted,rare_deterministic,8355,0.225,0.001088124522517034
pragmatic_unlifted,rare_deterministic,8355,0.275,0.002443742992824873
pragmatic_unlifted,rare_deterministic,8355,0.325,0.001157824009114345
pragmatic_unlifted,rare_deterministic,8355,0.375,0.009156861128762973
pragmatic_unlifted,rare_deterministic,8355,0.425,0.003918486180647287
pragmatic_unlifted,rare_deterministic,8355,0.475,0.03904006486822517
pragmatic_unlifted,rare_deterministic,8355,0.525,0.03271642513985136
pragmatic_unlifted,rare_deterministic,8355,0.575,0.007118662029635971
pragmatic_unlifted,rare_deterministic,8355,0.625,0.01675299406969516
pragmatic_unlifted,rare_deterministic,8355,0.675,0.024258219516347365
pragmatic_unlifted,rare_deterministic,8355,0.725,0.011159746914874702
pragmatic_unlifted,rare_deterministic,8355,0.775,0.025356395100071163
pragmatic_unlifted,rare_deterministic,8355,0.825,0.02133604300110915
pragmatic_unlifted,rare_deterministic,8355,0.875,0.2390795569587752
pragmatic_unlifted,rare_deterministic,8355,0.925,0.18551950508347315
pragmatic_unlifted,rare_deterministic,8355,0.975,0.3765377057473944
fixed_0.05,rare_deterministic,8355,0.075,0.04189171387169016
fixed_0.05,rare_deterministic,8355,0.125,0.011987880384666048
fixed_0.05,rare_deterministic,8355,0.175,0.04189171387169016
fixed_0.05,rare_deterministic,8355,0.225,0.011987880384666048
fixed_0.05,rare_deterministic,8355,0.275,0.017915953102358044
fixed_0.05,rare_deterministic,8355,0.325,0.006059807666974048
fixed_0.05,rare_deterministic,8355,0.375,0.03596364115399815
fixed_0.05,rare_deterministic,8355,0.425,0.011987880384666048
fixed_0.05,rare_deterministic,8355,0.475,0.09577130812804635
fixed_0.05,rare_deterministic,8355,0.525,0.06586747464102227
fixed_0.05,rare_deterministic,8355,0.575,0.011987880384666048
fixed_0.05,rare_deterministic,8355,0.625,0.023975760769332086
fixed_0.05,rare_deterministic,8355,0.675,0.029903833487024113
fixed_0.05,rare_deterministic,8355,0.725,0.011987880384666048
fixed_0.05,rare_deterministic,8355,0.775,0.023975760769332086
fixed_0.05,rare_deterministic,8355,0.825,0.017915953102358044
fixed_0.05,rare_deterministic,8355,0.875,0.1796864708207087
fixed_0.05,rare_deterministic,8355,0.925,0.12567514161507046
fixed_0.05,rare_deterministic,8355,0.975,0.23356606507706498
fixed_0.1,rare_deterministic,8355,0.125,0.012512030798845039
fixed_0.1,rare_deterministic,8355,0.175,0.043723360373986
fixed_0.1,rare_deterministic,8355,0.225,0.012512030798845039
fixed_0.1,rare_deterministic,8355,0.275,0.018699298776295892
fixed_0.1,rare_deterministic,8355,0.325,0.006324762821394198
fixed_0.1,rare_deterministic,8355,0.375,0.037536092396535145
fixed_0.1,rare_deterministic,8355,0.425,0.012512030798845039
fixed_0.1,rare_deterministic,8355,0.475,0.09995875154681702
fixed_0.1,rare_deterministic,8355,0.525,0.06874742197167609
fixed_0.1,rare_deterministic,8355,0.575,0.012512030798845039
fixed_0.1,rare_deterministic,8355,0.625,0.025024061597690078
fixed_0.1,rare_deterministic,8355,0.675,0.03121132957514095
fixed_0.1,rare_deterministic,8355,0.725,0.012512030798845039
fixed_0.1,rare_deterministic,8355,0.775,0.025024061597690078
fixed_0.1,rare_deterministic,8355,0.825,0.018699298776295892
fixed_0.1,rare_deterministic,8355,0.875,0.1875429671387323
fixed_0.1,rare_deterministic,8355,0.925,0.13117008112195797
fixed_0.1,rare_deterministic,8355,0.975,0.2437783583115634
fixed_0.3,rare_deterministic,8355,0.325,0.0069308422480036155
fixed_0.3,rare_deterministic,8355,0.375,0.04113304203706495
fixed_0.3,rare_deterministic,8355,0.425,0.013711014012354973
fixed_0.3,rare_deterministic,8355,0.475,0.1095374416151876
fixed_0.3,rare_deterministic,8355,0.525,0.07533524182612629
fixed_0.3,rare_deterministic,8355,0.575,0.013711014012354973
fixed_0.3,rare_deterministic,8355,0.625,0.027422028024709947
fixed_0.3,rare_deterministic,8355,0.675,0.03420219978906134
fixed_0.3,rare_deterministic,8355,0.725,0.013711014012354973
fixed_0.3,rare_deterministic,8355,0.775,0.027422028024709947
fixed_0.3,rare_deterministic,8355,0.825,0.020491185776706347
fixed_0.3,rare_deterministic,8355,0.875,0.20551453970167247
fixed_0.3,rare_deterministic,8355,0.925,0.14373964140424894
fixed_0.3,rare_deterministic,8355,0.975,0.26713876751544385
prior,rare_half,8355,0.975,0.004599080183963205
prior,rare_half,8355,0.925,0.004599080183963205
prior,rare_half,8355,0.875,0.009098180363927216
prior,rare_half,8355,0.825,0.004599080183963205
prior,rare_half,8355,0.775,0.004599080183963205
prior,rare_half,8355,0.725,0.009098180363927216
prior,rare_half,8355,0.675,0.027294541091781654
prior,rare_half,8355,0.625,0.009098180363927216
prior,rare_half,8355,0.575,0.02269546090781843
prior,rare_half,8355,0.525,0.09538092381523694
prior,rare_half,8355,0.475,0.17726454709058193
prior,rare_half,8355,0.425,0.045390921815636864
prior,rare_half,8355,0.375,0.040891821635672856
prior,rare_half,8355,0.325,0.01819636072785443
prior,rare_half,8355,0.275,0.03639272145570886
prior,rare_half,8355,0.225,0.02269546090781843
prior,rare_half,8355,0.175,0.040891821635672856
prior,rare_half,8355,0.125,0.05908818236352728
prior,rare_half,8355,0.075,0.10457908418316335
prior,rare_half,8355,0.025,0.26354729054189163
literal,rare_half,8355,0.025,0.023280542906499824
literal,rare_half,8355,0.075,0.025866484849983558
literal,rare_half,8355,0.125,0.025053962108178562
literal,rare_half,8355,0.175,0.02456291575552249
literal,rare_half,8355,0.225,0.017642341619887734
literal,rare_half,8355,0.275,0.03471945002808501
literal,rare_half,8355,0.325,0.020574488905531867
literal,rare_half,8355,0.375,0.053460463703196015
literal,rare_half,8355,0.425,0.06736166800320761
literal,rare_half,8355,0.475,0.2943840547710981
literal,rare_half,8355,0.525,0.17525055728461977
literal,rare_half,8355,0.575,0.04570970328789094
literal,rare_half,8355,0.625,0.019931536127234004
literal,rare_half,8355,0.675,0.06461675421893615
literal,rare_half,8355,0.725,0.023146300018723337
literal,rare_half,8355,0.775,0.012512850223797015
literal,rare_half,8355,0.825,0.013325372965602026
literal,rare_half,8355,0.875,0.02796844585595739
literal,rare_half,8355,0.925,0.014950418449212041
literal,rare_half,8355,0.975,0.015681688916836526
pragmatic_unlifted,rare_half,8355,0.025,0.0013500648268394942
pragmatic_unlifted,rare_half,8355,0.075,0.004193959208457739
pragmatic_unlifted,rare_half,8355,0.125,0.00694134395306025
pragmatic_unlifted,rare_half,8355,0.175,0.00959361433239919
pragmatic_unlifted,rare_half,8355,0.225,0.0088589225933528
pragmatic_unlifted,rare_half,8355,0.275,0.021221808233951242
pragmatic_unlifted,rare_half,8355,0.325,0.014759822374352392
pragmatic_unlifted,rare_half,8355,0.375,0.04384556044721089
pragmatic_unlifted,rare_half,8355,0.425,0.061915304346121594
pragmatic_unlifted,rare_half,8355,0.475,0.2985200437552575
pragmatic_unlifted,rare_half,8355,0.525,0.1935786206253871
pragmatic_unlifted,rare_half,8355,0.575,0.054418632841810435
pragmatic_unlifted,rare_half,8355,0.625,0.02534736662565834
pragmatic_unlifted,rare_half,8355,0.675,0.08710705712095224
pragmatic_unlifted,rare_half,8355,0.725,0.0328555492280759
pragmatic_unlifted,rare_half,8355,0.775,0.01859356232707908
pragmatic_unlifted,rare_half,8355,0.825,0.020621534228281904
pragmatic_unlifted,rare_half,8355,0.875,0.044869342107204585
pragmatic_unlifted,rare_half,8355,0.925,0.024762272073758508
pragmatic_unlifted,rare_half,8355,0.975,0.02664561875078905
fixed_0.05,rare_half,8355,0.075,0.1420038012489818
fixed_0.05,rare_half,8355,0.125,0.08023350529459677
fixed_0.05,rare_half,8355,0.175,0.055525386912842783
fixed_0.05,rare_half,8355,0.225,0.030817268531088775
fixed_0.05,rare_half,8355,0.275,0.04941623676350802
fixed_0.05,rare_half,8355,0.325,0.024708118381754008
fixed_0.05,rare_half,8355,0.375,0.055525386912842783
fixed_0.05,rare_half,8355,0.425,0.06163453706217756
fixed_0.05,rare_half,8355,0.475,0.24070051588379046
fixed_0.05,rare_half,8355,0.525,0.12951398316589735
fixed_0.05,rare_half,8355,0.575,0.030817268531088775
fixed_0.05,rare_half,8355,0.625,0.012354059190877002
fixed_0.05,rare_half,8355,0.675,0.03706217757263102
fixed_0.05,rare_half,8355,0.725,0.012354059190877002
fixed_0.05,rare_half,8355,0.775,0.0062449090415422175
fixed_0.05,rare_half,8355,0.825,0.0062449090415422175
fixed_0.05,rare_half,8355,0.875,0.012354059190877002
fixed_0.05,rare_half,8355,0.925,0.0062449090415422175
fixed_0.05,rare_half,8355,0.975,0.0062449090415422175
fixed_0.1,rare_half,8355,0.125,0.09351265822784809
fixed_0.1,rare_half,8355,0.175,0.06471518987341772
fixed_0.1,rare_half,8355,0.225,0.03591772151898733
fixed_0.1,rare_half,8355,0.275,0.057594936708860775
fixed_0.1,rare_half,8355,0.325,0.028797468354430384
fixed_0.1,rare_half,8355,0.375,0.06471518987341772
fixed_0.1,rare_half,8355,0.425,0.07183544303797468
fixed_0.1,rare_half,8355,0.475,0.2805379746835444
fixed_0.1,rare_half,8355,0.525,0.15094936708860757
fixed_0.1,rare_half,8355,0.575,0.03591772151898733
fixed_0.1,rare_half,8355,0.625,0.014398734177215192
fixed_0.1,rare_half,8355,0.675,0.04319620253164559
fixed_0.1,rare_half,8355,0.725,0.014398734177215192
fixed_0.1,rare_half,8355,0.775,0.007278481012658225
fixed_0.1,rare_half,8355,0.825,0.007278481012658225
fixed_0.1,rare_half,8355,0.875,0.014398734177215192
fixed_0.1,rare_half,8355,0.925,0.007278481012658225
fixed_0.1,rare_half,8355,0.975,0.007278481012658225
fixed_0.3,rare_half,8355,0.325,0.038485937830408136
fixed_0.3,rare_half,8355,0.375,0.0864876295199831
fixed_0.3,rare_half,8355,0.425,0.09600338337914993
fixed_0.3,rare_half,8355,0.475,0.3749207020511738
fixed_0.3,rare_half,8355,0.525,0.20173398181433708
fixed_0.3,rare_half,8355,0.575,0.04800169168957496
fixed_0.3,rare_half,8355,0.625,0.019242968915204064
fixed_0.3,rare_half,8355,0.675,0.057728906745612214
fixed_0.3,rare_half,8355,0.725,0.019242968915204064
fixed_0.3,rare_half,8355,0.775,0.009727215056037214
fixed_0.3,rare_half,8355,0.825,0.009727215056037214
fixed_0.3,rare_half,8355,0.875,0.019242968915204064
fixed_0.3,rare_half,8355,0.925,0.009727215056037214
fixed_0.3,rare_half,8355,0.975,0.009727215056037214
prior,rare_strong,8355,0.975,0.004598160735705716
prior,rare_strong,8355,0.925,0.004598160735705716
prior,rare_strong,8355,0.875,0.013594562175129946
prior,rare_strong,8355,0.825,0.018192722910835672
prior,rare_strong,8355,0.775,0.1135545781687325
prior,rare_strong,8355,0.725,0.25449820071971213
prior,rare_strong,8355,0.675,0.07726909236305478
prior,rare_strong,8355,0.625,0.036385445821671344
prior,rare_strong,8355,0.575,0.009096361455417834
prior,rare_strong,8355,0.525,0.004598160735705716
prior,rare_strong,8355,0.475,0.009096361455417834
prior,rare_strong,8355,0.425,0.004598160735705716
prior,rare_strong,8355,0.375,0.004598160735705716
prior,rare_strong,8355,0.325,0.009096361455417834
prior,rare_strong,8355,0.275,0.027289084366253498
prior,rare_strong,8355,0.225,0.022690923630547775
prior,rare_strong,8355,0.175,0.022690923630547775
prior,rare_strong,8355,0.125,0.027289084366253498
prior,rare_strong,8355,0.075,0.04998000799680129
prior,rare_strong,8355,0.025,0.2862854858056778
literal,rare_strong,8355,0.025,0.016684842892163713
literal,rare_strong,8355,0.075,0.008155998620471085
literal,rare_strong,8355,0.125,0.007634014708760934
literal,rare_strong,8355,0.175,0.008992571050399401
literal,rare_strong,8355,0.225,0.011637444888752178
literal,rare_strong,8355,0.275,0.01717653309471211
literal,rare_strong,8355,0.325,0.006785790852231945
literal,rare_strong,8355,0.375,0.003966145614869081
literal,rare_strong,8355,0.425,0.0045021112385000344
literal,rare_strong,8355,0.475,0.009966630314215663
literal,rare_strong,8355,0.525,0.005574042485761958
literal,rare_strong,8355,0.575,0.012087189955538159
literal,rare_strong,8355,0.625,0.052589879104797635
literal,rare_strong,8355,0.675,0.12068780701509098
literal,rare_strong,8355,0.725,0.4271692626045135
literal,rare_strong,8355,0.775,0.20383471752281343
literal,rare_strong,8355,0.825,0.03477717811768871
literal,rare_strong,8355,0.875,0.02757193590783255
literal,rare_strong,8355,0.925,0.009861767474809623
literal,rare_strong,8355,0.975,0.010344136536077473
pragmatic_unlifted,rare_strong,8355,0.025,0.0006613282979122109
pragmatic_unlifted,rare_strong,8355,0.075,0.0009045958264312451
pragmatic_unlifted,rare_strong,8355,0.125,0.0014494453980625848
pragmatic_unlifted,rare_strong,8355,0.175,0.00241361678532541
pragmatic_unlifted,rare_strong,8355,0.225,0.004030560684280979
pragmatic_unlifted,rare_strong,8355,0.275,0.007274757589503734
pragmatic_unlifted,rare_strong,8355,0.325,0.0033914990239782574
pragmatic_unlifted,rare_strong,8355,0.375,0.0022804763416504076
pragmatic_unlifted,rare_strong,8355,0.425,0.0029216706988061582
pragmatic_unlifted,rare_strong,8355,0.475,0.007191581248322513
pragmatic_unlifted,rare_strong,8355,0.525,0.004418469886921896
pragmatic_unlifted,rare_strong,8355,0.575,0.010421555683431834
pragmatic_unlifted,rare_strong,8355,0.625,0.04890812624049211
pragmatic_unlifted,rare_strong,8355,0.675,0.12020100854773572
pragmatic_unlifted,rare_strong,8355,0.725,0.4528148575590446
pragmatic_unlifted,rare_strong,8355,0.775,0.22872769081936345
pragmatic_unlifted,rare_strong,8355,0.825,0.041112261675468775
pragmatic_unlifted,rare_strong,8355,0.875,0.03419188733708959
pragmatic_unlifted,rare_strong,8355,0.925,0.012779717416573674
pragmatic_unlifted,rare_strong,8355,0.975,0.013904892939604927
fixed_0.05,rare_strong,8355,0.075,0.07002801120448181
fixed_0.05,rare_strong,8355,0.125,0.03823529411764706
fixed_0.05,rare_strong,8355,0.175,0.03179271708683473
fixed_0.05,rare_strong,8355,0.225,0.03179271708683473
fixed_0.05,rare_strong,8355,0.275,0.03823529411764706
fixed_0.05,rare_strong,8355,0.325,0.012745098039215683
fixed_0.05,rare_strong,8355,0.375,0.0064425770308123255
fixed_0.05,rare_strong,8355,0.425,0.0064425770308123255
fixed_0.05,rare_strong,8355,0.475,0.012745098039215683
fixed_0.05,rare_strong,8355,0.525,0.0064425770308123255
fixed_0.05,rare_strong,8355,0.575,0.012745098039215683
fixed_0.05,rare_strong,8355,0.625,0.050980392156862765
fixed_0.05,rare_strong,8355,0.675,0.10826330532212886
fixed_0.05,rare_strong,8355,0.725,0.3565826330532213
fixed_0.05,rare_strong,8355,0.775,0.15910364145658262
fixed_0.05,rare_strong,8355,0.825,0.02549019607843138
fixed_0.05,rare_strong,8355,0.875,0.019047619047619046
fixed_0.05,rare_strong,8355,0.925,0.0064425770308123255
fixed_0.05,rare_strong,8355,0.975,0.0064425770308123255
fixed_0.1,rare_strong,8355,0.125,0.04111445783132531
fixed_0.1,rare_strong,8355,0.175,0.0341867469879518
fixed_0.1,rare_strong,8355,0.225,0.0341867469879518
fixed_0.1,rare_strong,8355,0.275,0.04111445783132531
fixed_0.1,rare_strong,8355,0.325,0.01370481927710843
fixed_0.1,rare_strong,8355,0.375,0.006927710843373489
fixed_0.1,rare_strong,8355,0.425,0.006927710843373489
fixed_0.1,rare_strong,8355,0.475,0.01370481927710843
fixed_0.1,rare_strong,8355,0.525,0.006927710843373489
fixed_0.1,rare_strong,8355,0.575,0.01370481927710843
fixed_0.1,rare_strong,8355,0.625,0.054819277108433755
fixed_0.1,rare_strong,8355,0.675,0.11641566265060241
fixed_0.1,rare_strong,8355,0.725,0.3834337349397591
fixed_0.1,rare_strong,8355,0.775,0.1710843373493976
fixed_0.1,rare_strong,8355,0.825,0.027409638554216877
fixed_0.1,rare_strong,8355,0.875,0.020481927710843374
fixed_0.1,rare_strong,8355,0.925,0.006927710843373489
fixed_0.1,rare_strong,8355,0.975,0.006927710843373489
fixed_0.3,rare_strong,8355,0.325,0.016134751773049648
fixed_0.3,rare_strong,8355,0.375,0.008156028368794322
fixed_0.3,rare_strong,8355,0.425,0.008156028368794322
fixed_0.3,rare_strong,8355,0.475,0.016134751773049648
fixed_0.3,rare_strong,8355,0.525,0.008156028368794322
fixed_0.3,rare_strong,8355,0.575,0.016134751773049648
fixed_0.3,rare_strong,8355,0.625,0.06453900709219859
fixed_0.3,rare_strong,8355,0.675,0.13705673758865247
fixed_0.3,rare_strong,8355,0.725,0.451418439716312
fixed_0.3,rare_strong,8355,0.775,0.20141843971631201
fixed_0.3,rare_strong,8355,0.825,0.032269503546099296
fixed_0.3,rare_strong,8355,0.875,0.024113475177304958
fixed_0.3,rare_strong,8355,0.925,0.008156028368794322
fixed_0.3,rare_strong,8355,0.975,0.008156028368794322
prior,rare_weak,8355,0.975,0.004598160735705716
prior,rare_weak,8355,0.925,0.004598160735705716
prior,rare_weak,8355,0.875,0.009096361455417826
prior,rare_weak,8355,0.825,0.009096361455417826
prior,rare_weak,8355,0.775,0.004598160735705716
prior,rare_weak,8355,0.725,0.004598160735705716
prior,rare_weak,8355,0.675,0.004598160735705716
prior,rare_weak,8355,0.625,0.004598160735705716
prior,rare_weak,8355,0.575,0.004598160735705716
prior,rare_weak,8355,0.525,0.004598160735705716
prior,rare_weak,8355,0.475,0.004598160735705716
prior,rare_weak,8355,0.425,0.009096361455417826
prior,rare_weak,8355,0.375,0.013594562175129936
prior,rare_weak,8355,0.325,0.013594562175129936
prior,rare_weak,8355,0.275,0.140843662534986
prior,rare_weak,8355,0.225,0.14994002399040385
prior,rare_weak,8355,0.175,0.09536185525789684
prior,rare_weak,8355,0.125,0.04998000799680129
prior,rare_weak,8355,0.075,0.054578168732507
prior,rare_weak,8355,0.025,0.4134346261495402
literal,rare_weak,8355,0.025,0.0628025485444264
literal,rare_weak,8355,0.075,0.02321386272116032
literal,rare_weak,8355,0.125,0.03644248464860336
literal,rare_weak,8355,0.175,0.09850403600517482
literal,rare_weak,8355,0.225,0.20043366556731834
literal,rare_weak,8355,0.275,0.23106357391446944
literal,rare_weak,8355,0.325,0.026432948865120272
literal,rare_weak,8355,0.375,0.03056309712529534
literal,rare_weak,8355,0.425,0.0232138627211603
literal,rare_weak,8355,0.475,0.013131441968380075
literal,rare_weak,8355,0.525,0.01452840387990988
literal,rare_weak,8355,0.575,0.015925365791439668
literal,rare_weak,8355,0.625,0.017322327702969462
literal,rare_weak,8355,0.675,0.01871928961449925
literal,rare_weak,8355,0.725,0.020116251526029052
literal,rare_weak,8355,0.775,0.021513213437558833
literal,rare_weak,8355,0.825,0.0453223034079797
literal,rare_weak,8355,0.875,0.04808585849383211
literal,rare_weak,8355,0.925,0.025704099172148262
literal,rare_weak,8355,0.975,0.02696136489252505
pragmatic_unlifted,rare_weak,8355,0.025,0.005686960879218727
pragmatic_unlifted,rare_weak,8355,0.075,0.005860581231615336
pragmatic_unlifted,rare_weak,8355,0.125,0.015622930343665603
pragmatic_unlifted,rare_weak,8355,0.175,0.05897382099045673
pragmatic_unlifted,rare_weak,8355,0.225,0.1523796037992373
pragmatic_unlifted,rare_weak,8355,0.275,0.21062669002879758
pragmatic_unlifted,rare_weak,8355,0.325,0.027786806922047963
pragmatic_unlifted,rare_weak,8355,0.375,0.036012567967692734
pragmatic_unlifted,rare_weak,8355,0.425,0.029998970469136202
pragmatic_unlifted,rare_weak,8355,0.475,0.018292655049680116
pragmatic_unlifted,rare_weak,8355,0.525,0.021513234288066264
pragmatic_unlifted,rare_weak,8355,0.575,0.024778941993507764
pragmatic_unlifted,rare_weak,8355,0.625,0.028048806542864492
pragmatic_unlifted,rare_weak,8355,0.675,0.031288256055684555
pragmatic_unlifted,rare_weak,8355,0.725,0.03446900225791042
pragmatic_unlifted,rare_weak,8355,0.775,0.037568654132635895
pragmatic_unlifted,rare_weak,8355,0.825,0.08025835816677433
pragmatic_unlifted,rare_weak,8355,0.875,0.08597749854183791
pragmatic_unlifted,rare_weak,8355,0.925,0.046233283131839026
pragmatic_unlifted,rare_weak,8355,0.975,0.04862237720733031
fixed_0.05,rare_weak,8355,0.075,0.0930470347648262
fixed_0.05,rare_weak,8355,0.125,0.08520790729379688
fixed_0.05,rare_weak,8355,0.175,0.16257668711656442
fixed_0.05,rare_weak,8355,0.225,0.2556237218813906
fixed_0.05,rare_weak,8355,0.275,0.2401158827539196
fixed_0.05,rare_weak,8355,0.325,0.023176550783912727
fixed_0.05,rare_weak,8355,0.375,0.023176550783912727
fixed_0.05,rare_weak,8355,0.425,0.015507839127471026
fixed_0.05,rare_weak,8355,0.475,0.007839127471029312
fixed_0.05,rare_weak,8355,0.525,0.007839127471029312
fixed_0.05,rare_weak,8355,0.575,0.007839127471029312
fixed_0.05,rare_weak,8355,0.625,0.007839127471029312
fixed_0.05,rare_weak,8355,0.675,0.007839127471029312
fixed_0.05,rare_weak,8355,0.725,0.007839127471029312
fixed_0.05,rare_weak,8355,0.775,0.007839127471029312
fixed_0.05,rare_weak,8355,0.825,0.015507839127471026
fixed_0.05,rare_weak,8355,0.875,0.015507839127471026
fixed_0.05,rare_weak,8355,0.925,0.007839127471029312
fixed_0.05,rare_weak,8355,0.975,0.007839127471029312
fixed_0.1,rare_weak,8355,0.125,0.09394964299135668
fixed_0.1,rare_weak,8355,0.175,0.17925591882750846
fixed_0.1,rare_weak,8355,0.225,0.28184892897406993
fixed_0.1,rare_weak,8355,0.275,0.26475009394964305
fixed_0.1,rare_weak,8355,0.325,0.02555430289364899
fixed_0.1,rare_weak,8355,0.375,0.02555430289364899
fixed_0.1,rare_weak,8355,0.425,0.0170988350244269
fixed_0.1,rare_weak,8355,0.475,0.00864336715520481
fixed_0.1,rare_weak,8355,0.525,0.00864336715520481
fixed_0.1,rare_weak,8355,0.575,0.00864336715520481
fixed_0.1,rare_weak,8355,0.625,0.00864336715520481
fixed_0.1,rare_weak,8355,0.675,0.00864336715520481
fixed_0.1,rare_weak,8355,0.725,0.00864336715520481
fixed_0.1,rare_weak,8355,0.775,0.00864336715520481
fixed_0.1,rare_weak,8355,0.825,0.0170988350244269
fixed_0.1,rare_weak,8355,0.875,0.0170988350244269
fixed_0.1,rare_weak,8355,0.925,0.00864336715520481
fixed_0.1,rare_weak,8355,0.975,0.00864336715520481
fixed_0.3,rare_weak,8355,0.325,0.1418143899895724
fixed_0.3,rare_weak,8355,0.375,0.1418143899895724
fixed_0.3,rare_weak,8355,0.425,0.09489051094890509
fixed_0.3,rare_weak,8355,0.475,0.04796663190823776
fixed_0.3,rare_weak,8355,0.525,0.04796663190823776
fixed_0.3,rare_weak,8355,0.575,0.04796663190823776
fixed_0.3,rare_weak,8355,0.625,0.04796663190823776
fixed_0.3,rare_weak,8355,0.675,0.04796663190823776
fixed_0.3,rare_weak,8355,0.725,0.04796663190823776
fixed_0.3,rare_weak,8355,0.775,0.04796663190823776
fixed_0.3,rare_weak,8355,0.825,0.09489051094890509
fixed_0.3,rare_weak,8355,0.875,0.09489051094890509
fixed_0.3,rare_weak,8355,0.925,0.04796663190823776
fixed_0.3,rare_weak,8355,0.975,0.04796663190823776
prior,strong_or_deterministic,8355,0.975,0.17721139430284863
prior,strong_or_deterministic,8355,0.925,0.09535232383808098
prior,strong_or_deterministic,8355,0.875,0.0590704647676162
prior,strong_or_deterministic,8355,0.825,0.11814092953523242
prior,strong_or_deterministic,8355,0.775,0.15902048975512248
prior,strong_or_deterministic,8355,0.725,0.2180909545227387
prior,strong_or_deterministic,8355,0.675,0.07266366816591706
prior,strong_or_deterministic,8355,0.625,0.027286356821589215
prior,strong_or_deterministic,8355,0.575,0.004597701149425287
prior,strong_or_deterministic,8355,0.525,0.009095452273863065
prior,strong_or_deterministic,8355,0.475,0.009095452273863065
prior,strong_or_deterministic,8355,0.425,0.004597701149425287
prior,strong_or_deterministic,8355,0.375,0.009095452273863065
prior,strong_or_deterministic,8355,0.325,0.004597701149425287
prior,strong_or_deterministic,8355,0.275,0.009095452273863065
prior,strong_or_deterministic,8355,0.225,0.004597701149425287
prior,strong_or_deterministic,8355,0.175,0.004597701149425287
prior,strong_or_deterministic,8355,0.125,0.004597701149425287
prior,strong_or_deterministic,8355,0.075,0.004597701149425287
prior,strong_or_deterministic,8355,0.025,0.004597701149425287
literal,strong_or_deterministic,8355,0.025,0.00014817840422166694
literal,strong_or_deterministic,8355,0.075,0.0004148995318206671
literal,strong_or_deterministic,8355,0.125,0.000711256340264001
literal,strong_or_deterministic,8355,0.175,0.0010076131487073352
literal,strong_or_deterministic,8355,0.225,0.0013039699571506704
literal,strong_or_deterministic,8355,0.275,0.003165863818892483
literal,strong_or_deterministic,8355,0.325,0.0018966835740373375
literal,strong_or_deterministic,8355,0.375,0.004338405974037848
literal,strong_or_deterministic,8355,0.425,0.0024893971909240036
literal,strong_or_deterministic,8355,0.475,0.005510948129183209
literal,strong_or_deterministic,8355,0.525,0.0060972192067559015
literal,strong_or_deterministic,8355,0.575,0.003378467616254006
literal,strong_or_deterministic,8355,0.625,0.021809284085703828
literal,strong_or_deterministic,8355,0.675,0.06276192948898424
literal,strong_or_deterministic,8355,0.725,0.2024297392768765
literal,strong_or_deterministic,8355,0.775,0.15785123274768492
literal,strong_or_deterministic,8355,0.825,0.12488733609374661
literal,strong_or_deterministic,8355,0.875,0.06625120878143878
literal,strong_or_deterministic,8355,0.925,0.11308975810197636
literal,strong_or_deterministic,8355,0.975,0.22045660853133955
pragmatic_unlifted,strong_or_deterministic,8355,0.025,0.000004707454307949528
pragmatic_unlifted,strong_or_deterministic,8355,0.075,0.000036899278858140335
pragmatic_unlifted,strong_or_deterministic,8355,0.125,0.00010839194806585666
pragmatic_unlifted,strong_or_deterministic,8355,0.175,0.00021739357091103272
pragmatic_unlifted,strong_or_deterministic,8355,0.225,0.00036375613462458645
pragmatic_unlifted,strong_or_deterministic,8355,0.275,0.0010826652862301015
pragmatic_unlifted,strong_or_deterministic,8355,0.325,0.0007677213384590363
pragmatic_unlifted,strong_or_deterministic,8355,0.375,0.002027281047956821
pragmatic_unlifted,strong_or_deterministic,8355,0.425,0.0013181111944298852
pragmatic_unlifted,strong_or_deterministic,8355,0.475,0.0032588396956095716
pragmatic_unlifted,strong_or_deterministic,8355,0.525,0.003980233406597127
pragmatic_unlifted,strong_or_deterministic,8355,0.575,0.0024116125404239673
pragmatic_unlifted,strong_or_deterministic,8355,0.625,0.016888504908318953
pragmatic_unlifted,strong_or_deterministic,8355,0.675,0.052369785893890144
pragmatic_unlifted,strong_or_deterministic,8355,0.725,0.18095698619534742
pragmatic_unlifted,strong_or_deterministic,8355,0.775,0.1504091221389188
pragmatic_unlifted,strong_or_deterministic,8355,0.825,0.1262826472467301
pragmatic_unlifted,strong_or_deterministic,8355,0.875,0.0708125806040884
pragmatic_unlifted,strong_or_deterministic,8355,0.925,0.12732257523180668
pragmatic_unlifted,strong_or_deterministic,8355,0.975,0.2593801848844254
fixed_0.05,strong_or_deterministic,8355,0.075,0.004618937644341799
fixed_0.05,strong_or_deterministic,8355,0.125,0.004618937644341799
fixed_0.05,strong_or_deterministic,8355,0.175,0.004618937644341799
fixed_0.05,strong_or_deterministic,8355,0.225,0.004618937644341799
fixed_0.05,strong_or_deterministic,8355,0.275,0.00913746360076312
fixed_0.05,strong_or_deterministic,8355,0.325,0.004618937644341799
fixed_0.05,strong_or_deterministic,8355,0.375,0.00913746360076312
fixed_0.05,strong_or_deterministic,8355,0.425,0.004618937644341799
fixed_0.05,strong_or_deterministic,8355,0.475,0.00913746360076312
fixed_0.05,strong_or_deterministic,8355,0.525,0.00913746360076312
fixed_0.05,strong_or_deterministic,8355,0.575,0.004618937644341799
fixed_0.05,strong_or_deterministic,8355,0.625,0.027412390802289393
fixed_0.05,strong_or_deterministic,8355,0.675,0.07299929711818456
fixed_0.05,strong_or_deterministic,8355,0.725,0.21909830304247416
fixed_0.05,strong_or_deterministic,8355,0.775,0.15975499548147404
fixed_0.05,strong_or_deterministic,8355,0.825,0.11868661512200021
fixed_0.05,strong_or_deterministic,8355,0.875,0.059343307561000105
fixed_0.05,strong_or_deterministic,8355,0.925,0.09579275027613215
fixed_0.05,strong_or_deterministic,8355,0.975,0.17802992268300033
fixed_0.1,strong_or_deterministic,8355,0.125,0.004640371229698374
fixed_0.1,strong_or_deterministic,8355,0.175,0.004640371229698374
fixed_0.1,strong_or_deterministic,8355,0.225,0.004640371229698374
fixed_0.1,strong_or_deterministic,8355,0.275,0.00917986482396852
fixed_0.1,strong_or_deterministic,8355,0.325,0.004640371229698374
fixed_0.1,strong_or_deterministic,8355,0.375,0.00917986482396852
fixed_0.1,strong_or_deterministic,8355,0.425,0.004640371229698374
fixed_0.1,strong_or_deterministic,8355,0.475,0.00917986482396852
fixed_0.1,strong_or_deterministic,8355,0.525,0.00917986482396852
fixed_0.1,strong_or_deterministic,8355,0.575,0.004640371229698374
fixed_0.1,strong_or_deterministic,8355,0.625,0.02753959447190559
fixed_0.1,strong_or_deterministic,8355,0.675,0.07333804095632
fixed_0.1,strong_or_deterministic,8355,0.725,0.2201150005043882
fixed_0.1,strong_or_deterministic,8355,0.775,0.16049631796630687
fixed_0.1,strong_or_deterministic,8355,0.825,0.1192373650761626
fixed_0.1,strong_or_deterministic,8355,0.875,0.059618682538081294
fixed_0.1,strong_or_deterministic,8355,0.925,0.09623726419852718
fixed_0.1,strong_or_deterministic,8355,0.975,0.17885604761424395
fixed_0.3,strong_or_deterministic,8355,0.325,0.0047501032631144125
fixed_0.3,strong_or_deterministic,8355,0.375,0.00939694341181329
fixed_0.3,strong_or_deterministic,8355,0.425,0.0047501032631144125
fixed_0.3,strong_or_deterministic,8355,0.475,0.00939694341181329
fixed_0.3,strong_or_deterministic,8355,0.525,0.00939694341181329
fixed_0.3,strong_or_deterministic,8355,0.575,0.0047501032631144125
fixed_0.3,strong_or_deterministic,8355,0.625,0.028190830235439904
fixed_0.3,strong_or_deterministic,8355,0.675,0.07507228418009088
fixed_0.3,strong_or_deterministic,8355,0.725,0.22532011565468815
fixed_0.3,strong_or_deterministic,8355,0.775,0.16429161503510947
fixed_0.3,strong_or_deterministic,8355,0.825,0.12205700123915739
fixed_0.3,strong_or_deterministic,8355,0.875,0.061028500619578686
fixed_0.3,strong_or_deterministic,8355,0.925,0.09851301115241637
fixed_0.3,strong_or_deterministic,8355,0.975,0.18308550185873607
prior,uniform,8355,0.975,0.013601360136013605
prior,uniform,8355,0.925,0.0046004600460046
prior,uniform,8355,0.875,0.013601360136013605
prior,uniform,8355,0.825,0.022702270227022696
prior,uniform,8355,0.775,0.059105910591059095
prior,uniform,8355,0.725,0.04540454045404539
prior,uniform,8355,0.675,0.05000500050005001
prior,uniform,8355,0.625,0.0409040904090409
prior,uniform,8355,0.575,0.0909090909090909
prior,uniform,8355,0.525,0.0954095409540954
prior,uniform,8355,0.475,0.11821182118211819
prior,uniform,8355,0.425,0.059105910591059095
prior,uniform,8355,0.375,0.0636063606360636
prior,uniform,8355,0.325,0.0909090909090909
prior,uniform,8355,0.275,0.0727072707270727
prior,uniform,8355,0.225,0.0364036403640364
prior,uniform,8355,0.175,0.018201820182018196
prior,uniform,8355,0.125,0.054605460546054606
prior,uniform,8355,0.075,0.0318031803180318
prior,uniform,8355,0.025,0.018201820182018196
literal,uniform,8355,0.025,0.000990775984461148
literal,uniform,8355,0.075,0.004847180970133003
literal,uniform,8355,0.125,0.01426717417624054
literal,uniform,8355,0.175,0.006737276694335806
literal,uniform,8355,0.225,0.01743765732651621
literal,uniform,8355,0.275,0.042742729228544774
literal,uniform,8355,0.325,0.06333998205715577
literal,uniform,8355,0.375,0.05124162739854892
literal,uniform,8355,0.425,0.05405064062921891
literal,uniform,8355,0.475,0.12097048140825188
literal,uniform,8355,0.525,0.10802289019153558
literal,uniform,8355,0.575,0.11282434303930883
literal,uniform,8355,0.625,0.05521779651421059
literal,uniform,8355,0.675,0.07294724281197475
literal,uniform,8355,0.725,0.07117908874739788
literal,uniform,8355,0.775,0.09909284115356812
literal,uniform,8355,0.825,0.04053253664782376
literal,uniform,8355,0.875,0.025764530655262238
literal,uniform,8355,0.925,0.009215305420306784
literal,uniform,8355,0.975,0.02857789894520464
pragmatic_unlifted,uniform,8355,0.025,0.00004660217018523099
pragmatic_unlifted,uniform,8355,0.075,0.0006380247554116092
pragmatic_unlifted,uniform,8355,0.125,0.0032154051557232916
pragmatic_unlifted,uniform,8355,0.175,0.0021470214090126005
pragmatic_unlifted,uniform,8355,0.225,0.0071733557624933655
pragmatic_unlifted,uniform,8355,0.275,0.02151146782004062
pragmatic_unlifted,uniform,8355,0.325,0.037638389744848025
pragmatic_unlifted,uniform,8355,0.375,0.035052303226514106
pragmatic_unlifted,uniform,8355,0.425,0.04176035205565941
pragmatic_unlifted,uniform,8355,0.475,0.10400415823703188
pragmatic_unlifted,uniform,8355,0.525,0.10211599856527377
pragmatic_unlifted,uniform,8355,0.575,0.11611817509447615
pragmatic_unlifted,uniform,8355,0.625,0.06136109307158273
pragmatic_unlifted,uniform,8355,0.675,0.08690871127371726
pragmatic_unlifted,uniform,8355,0.725,0.09036188116392535
pragmatic_unlifted,uniform,8355,0.775,0.13332871096879315
pragmatic_unlifted,uniform,8355,0.825,0.05752739465324778
pragmatic_unlifted,uniform,8355,0.875,0.038410298905790126
pragmatic_unlifted,uniform,8355,0.925,0.014376146332412056
pragmatic_unlifted,uniform,8355,0.975,0.04630450963386254
fixed_0.05,uniform,8355,0.075,0.03239278802078028
fixed_0.05,uniform,8355,0.125,0.0556178058470001
fixed_0.05,uniform,8355,0.175,0.018539268615666696
fixed_0.05,uniform,8355,0.225,0.03707853723133339
fixed_0.05,uniform,8355,0.275,0.07405521034939389
fixed_0.05,uniform,8355,0.325,0.0925944789650606
fixed_0.05,uniform,8355,0.375,0.06478557604156056
fixed_0.05,uniform,8355,0.425,0.060201690944280316
fixed_0.05,uniform,8355,0.475,0.12040338188856065
fixed_0.05,uniform,8355,0.525,0.09717836406234082
fixed_0.05,uniform,8355,0.575,0.0925944789650606
fixed_0.05,uniform,8355,0.625,0.04166242232861363
fixed_0.05,uniform,8355,0.675,0.05093205663644698
fixed_0.05,uniform,8355,0.725,0.04624630742589385
fixed_0.05,uniform,8355,0.775,0.060201690944280316
fixed_0.05,uniform,8355,0.825,0.023123153712946924
fixed_0.05,uniform,8355,0.875,0.013853519405113576
fixed_0.05,uniform,8355,0.925,0.0046857492105531195
fixed_0.05,uniform,8355,0.975,0.013853519405113576
fixed_0.1,uniform,8355,0.125,0.057479734708916735
fixed_0.1,uniform,8355,0.175,0.019159911569638907
fixed_0.1,uniform,8355,0.225,0.038319823139277814
fixed_0.1,uniform,8355,0.275,0.07653437203916201
fixed_0.1,uniform,8355,0.325,0.09569428360880093
fixed_0.1,uniform,8355,0.375,0.06695441625434258
fixed_0.1,uniform,8355,0.425,0.06221707548162964
fixed_0.1,uniform,8355,0.475,0.12443415096325929
fixed_0.1,uniform,8355,0.525,0.10043162438151385
fixed_0.1,uniform,8355,0.575,0.09569428360880093
fixed_0.1,uniform,8355,0.625,0.043057163911990735
fixed_0.1,uniform,8355,0.675,0.0526371196968102
fixed_0.1,uniform,8355,0.725,0.04779450468470365
fixed_0.1,uniform,8355,0.775,0.06221707548162964
fixed_0.1,uniform,8355,0.825,0.02389725234235182
fixed_0.1,uniform,8355,0.875,0.014317296557532383
fixed_0.1,uniform,8355,0.925,0.00484261501210654
fixed_0.1,uniform,8355,0.975,0.014317296557532383
fixed_0.3,uniform,8355,0.325,0.118359375
fixed_0.3,uniform,8355,0.375,0.08281250000000002
fixed_0.3,uniform,8355,0.425,0.076953125
fixed_0.3,uniform,8355,0.475,0.15390625000000002
fixed_0.3,uniform,8355,0.525,0.12421875
fixed_0.3,uniform,8355,0.575,0.118359375
fixed_0.3,uniform,8355,0.625,0.05325520833333334
fixed_0.3,uniform,8355,0.675,0.06510416666666669
fixed_0.3,uniform,8355,0.725,0.05911458333333333
fixed_0.3,uniform,8355,0.775,0.076953125
fixed_0.3,uniform,8355,0.825,0.029557291666666666
fixed_0.3,uniform,8355,0.875,0.017708333333333333
fixed_0.3,uniform,8355,0.925,0.005989583333333337
fixed_0.3,uniform,8355,0.975,0.017708333333333333
prior,weak_or_deterministic,8355,0.975,0.20000000000000007
prior,weak_or_deterministic,8355,0.925,0.05909999999999999
prior,weak_or_deterministic,8355,0.875,0.022700000000000005
prior,weak_or_deterministic,8355,0.825,0.013600000000000004
prior,weak_or_deterministic,8355,0.775,0.018199999999999997
prior,weak_or_deterministic,8355,0.725,0.05909999999999999
prior,weak_or_deterministic,8355,0.675,0.06360000000000002
prior,weak_or_deterministic,8355,0.625,0.013600000000000004
prior,weak_or_deterministic,8355,0.575,0.004600000000000001
prior,weak_or_deterministic,8355,0.525,0.013600000000000004
prior,weak_or_deterministic,8355,0.475,0.013600000000000004
prior,weak_or_deterministic,8355,0.425,0.06819999999999998
prior,weak_or_deterministic,8355,0.375,0.0273
prior,weak_or_deterministic,8355,0.325,0.0409
prior,weak_or_deterministic,8355,0.275,0.06819999999999998
prior,weak_or_deterministic,8355,0.225,0.06819999999999998
prior,weak_or_deterministic,8355,0.175,0.14090000000000005
prior,weak_or_deterministic,8355,0.125,0.0773
prior,weak_or_deterministic,8355,0.075,0.022700000000000005
prior,weak_or_deterministic,8355,0.025,0.004600000000000001
literal,weak_or_deterministic,8355,0.025,0.0002202419597321092
literal,weak_or_deterministic,8355,0.075,0.003043169339254968
literal,weak_or_deterministic,8355,0.125,0.017764907986739503
literal,weak_or_deterministic,8355,0.175,0.04587352749098443
literal,weak_or_deterministic,8355,0.225,0.028734872728874476
literal,weak_or_deterministic,8355,0.275,0.035265525621800485
literal,weak_or_deterministic,8355,0.325,0.025065450164989934
literal,weak_or_deterministic,8355,0.375,0.01934490465438292
literal,weak_or_deterministic,8355,0.425,0.05485748430057849
literal,weak_or_deterministic,8355,0.475,0.01224162266615341
literal,weak_or_deterministic,8355,0.525,0.013543922949786761
literal,weak_or_deterministic,8355,0.575,0.0050215166818920855
literal,weak_or_deterministic,8355,0.625,0.01614852351705344
literal,weak_or_deterministic,8355,0.675,0.0816082642443882
literal,weak_or_deterministic,8355,0.725,0.08149335539583225
literal,weak_or_deterministic,8355,0.775,0.02683887672770242
literal,weak_or_deterministic,8355,0.825,0.021357724651586807
literal,weak_or_deterministic,8355,0.875,0.0378222475021689
literal,weak_or_deterministic,8355,0.925,0.10413039856134118
literal,weak_or_deterministic,8355,0.975,0.36962346285475733
pragmatic_unlifted,weak_or_deterministic,8355,0.025,0.000008125829020867077
pragmatic_unlifted,weak_or_deterministic,8355,0.075,0.00031424310299744084
pragmatic_unlifted,weak_or_deterministic,8355,0.125,0.003141757966557226
pragmatic_unlifted,weak_or_deterministic,8355,0.175,0.01147651010292942
pragmatic_unlifted,weak_or_deterministic,8355,0.225,0.009285072530871847
pragmatic_unlifted,weak_or_deterministic,8355,0.275,0.013951071723243134
pragmatic_unlifted,weak_or_deterministic,8355,0.325,0.011717801989841473
pragmatic_unlifted,weak_or_deterministic,8355,0.375,0.010420899289337163
pragmatic_unlifted,weak_or_deterministic,8355,0.425,0.0334140741705373
pragmatic_unlifted,weak_or_deterministic,8355,0.475,0.008307724514672363
pragmatic_unlifted,weak_or_deterministic,8355,0.525,0.010120229973952564
pragmatic_unlifted,weak_or_deterministic,8355,0.575,0.004091183649140959
pragmatic_unlifted,weak_or_deterministic,8355,0.625,0.014228624528923133
pragmatic_unlifted,weak_or_deterministic,8355,0.675,0.07722404914386834
pragmatic_unlifted,weak_or_deterministic,8355,0.725,0.08232149244328904
pragmatic_unlifted,weak_or_deterministic,8355,0.775,0.02879002816366663
pragmatic_unlifted,weak_or_deterministic,8355,0.825,0.024215977022959325
pragmatic_unlifted,weak_or_deterministic,8355,0.875,0.045140644025421645
pragmatic_unlifted,weak_or_deterministic,8355,0.925,0.13033491957220927
pragmatic_unlifted,weak_or_deterministic,8355,0.975,0.48149557025656053
fixed_0.05,weak_or_deterministic,8355,0.075,0.022804902551738
fixed_0.05,weak_or_deterministic,8355,0.125,0.07765722322684349
fixed_0.05,weak_or_deterministic,8355,0.175,0.14155113522202134
fixed_0.05,weak_or_deterministic,8355,0.225,0.06851516978099255
fixed_0.05,weak_or_deterministic,8355,0.275,0.06851516978099255
fixed_0.05,weak_or_deterministic,8355,0.325,0.04108900944343982
fixed_0.05,weak_or_deterministic,8355,0.375,0.027426160337552744
fixed_0.05,weak_or_deterministic,8355,0.425,0.06851516978099255
fixed_0.05,weak_or_deterministic,8355,0.475,0.013662849105887085
fixed_0.05,weak_or_deterministic,8355,0.525,0.013662849105887085
fixed_0.05,weak_or_deterministic,8355,0.575,0.0046212577858147485
fixed_0.05,weak_or_deterministic,8355,0.625,0.013662849105887085
fixed_0.05,weak_or_deterministic,8355,0.675,0.06389391199517783
fixed_0.05,weak_or_deterministic,8355,0.725,0.05937311633514165
fixed_0.05,weak_or_deterministic,8355,0.775,0.018284106891701825
fixed_0.05,weak_or_deterministic,8355,0.825,0.013662849105887085
fixed_0.05,weak_or_deterministic,8355,0.875,0.022804902551738
fixed_0.05,weak_or_deterministic,8355,0.925,0.05937311633514165
fixed_0.05,weak_or_deterministic,8355,0.975,0.200924251557163
fixed_0.1,weak_or_deterministic,8355,0.125,0.07946951783694872
fixed_0.1,weak_or_deterministic,8355,0.175,0.14485452863164391
fixed_0.1,weak_or_deterministic,8355,0.225,0.07011411534902848
fixed_0.1,weak_or_deterministic,8355,0.275,0.07011411534902848
fixed_0.1,weak_or_deterministic,8355,0.325,0.04204790788526782
fixed_0.1,weak_or_deterministic,8355,0.375,0.028066207463760675
fixed_0.1,weak_or_deterministic,8355,0.425,0.07011411534902848
fixed_0.1,weak_or_deterministic,8355,0.475,0.013981700421507147
fixed_0.1,weak_or_deterministic,8355,0.525,0.013981700421507147
fixed_0.1,weak_or_deterministic,8355,0.575,0.0047291045543332985
fixed_0.1,weak_or_deterministic,8355,0.625,0.013981700421507147
fixed_0.1,weak_or_deterministic,8355,0.675,0.0653850107946952
fixed_0.1,weak_or_deterministic,8355,0.725,0.06075871286110826
fixed_0.1,weak_or_deterministic,8355,0.775,0.018710804975840444
fixed_0.1,weak_or_deterministic,8355,0.825,0.013981700421507147
fixed_0.1,weak_or_deterministic,8355,0.875,0.02333710290942738
fixed_0.1,weak_or_deterministic,8355,0.925,0.06075871286110826
fixed_0.1,weak_or_deterministic,8355,0.975,0.2056132414927522
fixed_0.3,weak_or_deterministic,8355,0.325,0.06617052256916355
fixed_0.3,weak_or_deterministic,8355,0.375,0.04416761041902603
fixed_0.3,weak_or_deterministic,8355,0.425,0.11033813298818956
fixed_0.3,weak_or_deterministic,8355,0.475,0.02200291215013752
fixed_0.3,weak_or_deterministic,8355,0.525,0.02200291215013752
fixed_0.3,weak_or_deterministic,8355,0.575,0.007442161462546515
fixed_0.3,weak_or_deterministic,8355,0.625,0.02200291215013752
fixed_0.3,weak_or_deterministic,8355,0.675,0.10289597152564309
fixed_0.3,weak_or_deterministic,8355,0.725,0.09561559618184756
fixed_0.3,weak_or_deterministic,8355,0.775,0.029445073612684017
fixed_0.3,weak_or_deterministic,8355,0.825,0.02200291215013752
fixed_0.3,weak_or_deterministic,8355,0.875,0.036725448956479535
fixed_0.3,weak_or_deterministic,8355,0.925,0.09561559618184756
fixed_0.3,weak_or_deterministic,8355,0.975,0.32357223750202235
prior,weak_or_half,8355,0.975,0.004599540045995401
prior,weak_or_half,8355,0.925,0.027297270272972705
prior,weak_or_half,8355,0.875,0.004599540045995401
prior,weak_or_half,8355,0.825,0.004599540045995401
prior,weak_or_half,8355,0.775,0.03179682031796819
prior,weak_or_half,8355,0.725,0.009099090090990898
prior,weak_or_half,8355,0.675,0.013598640135986394
prior,weak_or_half,8355,0.625,0.013598640135986394
prior,weak_or_half,8355,0.575,0.0408959104089591
prior,weak_or_half,8355,0.525,0.0726927307269273
prior,weak_or_half,8355,0.475,0.15908409159084094
prior,weak_or_half,8355,0.425,0.07729227077292267
prior,weak_or_half,8355,0.375,0.0726927307269273
prior,weak_or_half,8355,0.325,0.03179682031796819
prior,weak_or_half,8355,0.275,0.21357864213578645
prior,weak_or_half,8355,0.225,0.08179182081791818
prior,weak_or_half,8355,0.175,0.08179182081791818
prior,weak_or_half,8355,0.125,0.004599540045995401
prior,weak_or_half,8355,0.075,0.004599540045995401
prior,weak_or_half,8355,0.025,0.04999500049994999
literal,weak_or_half,8355,0.025,0.0032633326719645767
literal,weak_or_half,8355,0.075,0.0008406344962980746
literal,weak_or_half,8355,0.125,0.001441087707939557
literal,weak_or_half,8355,0.175,0.03630392330907152
literal,weak_or_half,8355,0.225,0.04698154781173966
literal,weak_or_half,8355,0.275,0.15056233748603295
literal,weak_or_half,8355,0.325,0.026566138615929248
literal,weak_or_half,8355,0.375,0.07022430843454015
literal,weak_or_half,8355,0.425,0.08475788682240151
literal,weak_or_half,8355,0.475,0.19521778176919619
literal,weak_or_half,8355,0.525,0.0986936226647592
literal,weak_or_half,8355,0.575,0.06086245966520824
literal,weak_or_half,8355,0.625,0.022013136872004263
literal,weak_or_half,8355,0.675,0.023788389845553006
literal,weak_or_half,8355,0.725,0.017105084533369525
literal,weak_or_half,8355,0.775,0.0639247710445797
literal,weak_or_half,8355,0.825,0.00984743267092033
literal,weak_or_half,8355,0.875,0.01044788588256181
literal,weak_or_half,8355,0.925,0.06556949071124996
literal,weak_or_half,8355,0.975,0.011588746984680619
pragmatic_unlifted,weak_or_half,8355,0.025,0.00017950825479231452
pragmatic_unlifted,weak_or_half,8355,0.075,0.00012937270917748304
pragmatic_unlifted,weak_or_half,8355,0.125,0.00037952638610605466
pragmatic_unlifted,weak_or_half,8355,0.175,0.013508419907099766
pragmatic_unlifted,weak_or_half,8355,0.225,0.022541661335796798
pragmatic_unlifted,weak_or_half,8355,0.275,0.08825844608115403
pragmatic_unlifted,weak_or_half,8355,0.325,0.018357204514035257
pragmatic_unlifted,weak_or_half,8355,0.375,0.05575545127863056
pragmatic_unlifted,weak_or_half,8355,0.425,0.07584428018324345
pragmatic_unlifted,weak_or_half,8355,0.475,0.1939274640974323
pragmatic_unlifted,weak_or_half,8355,0.525,0.10751906215260326
pragmatic_unlifted,weak_or_half,8355,0.575,0.07198470769988051
pragmatic_unlifted,weak_or_half,8355,0.625,0.02802686732985152
pragmatic_unlifted,weak_or_half,8355,0.675,0.032366732990094176
pragmatic_unlifted,weak_or_half,8355,0.725,0.024714919306224718
pragmatic_unlifted,weak_or_half,8355,0.775,0.09754386920701943
pragmatic_unlifted,weak_or_half,8355,0.825,0.01579151402839582
pragmatic_unlifted,weak_or_half,8355,0.875,0.017530809871100998
pragmatic_unlifted,weak_or_half,8355,0.925,0.11466859106960271
pragmatic_unlifted,weak_or_half,8355,0.975,0.020971591597759458
fixed_0.05,weak_or_half,8355,0.075,0.004841595621513527
fixed_0.05,weak_or_half,8355,0.125,0.004841595621513527
fixed_0.05,weak_or_half,8355,0.175,0.08609620039995788
fixed_0.05,weak_or_half,8355,0.225,0.08609620039995788
fixed_0.05,weak_or_half,8355,0.275,0.22481844016419328
fixed_0.05,weak_or_half,8355,0.325,0.03347016103568045
fixed_0.05,weak_or_half,8355,0.375,0.07651826123565941
fixed_0.05,weak_or_half,8355,0.425,0.08135985685717291
fixed_0.05,weak_or_half,8355,0.475,0.16745605725713086
fixed_0.05,weak_or_half,8355,0.525,0.07651826123565941
fixed_0.05,weak_or_half,8355,0.575,0.043048100199978956
fixed_0.05,weak_or_half,8355,0.625,0.01431428270708346
fixed_0.05,weak_or_half,8355,0.675,0.01431428270708346
fixed_0.05,weak_or_half,8355,0.725,0.009577939164298496
fixed_0.05,weak_or_half,8355,0.775,0.03347016103568045
fixed_0.05,weak_or_half,8355,0.825,0.004841595621513527
fixed_0.05,weak_or_half,8355,0.875,0.004841595621513527
fixed_0.05,weak_or_half,8355,0.925,0.028733817492895494
fixed_0.05,weak_or_half,8355,0.975,0.004841595621513527
fixed_0.1,weak_or_half,8355,0.125,0.004865150713907989
fixed_0.1,weak_or_half,8355,0.175,0.0865150713907985
fixed_0.1,weak_or_half,8355,0.225,0.0865150713907985
fixed_0.1,weak_or_half,8355,0.275,0.22591221575885784
fixed_0.1,weak_or_half,8355,0.325,0.033632998413537805
fixed_0.1,weak_or_half,8355,0.375,0.07689053410893708
fixed_0.1,weak_or_half,8355,0.425,0.08175568482284504
fixed_0.1,weak_or_half,8355,0.475,0.16827075621364362
fixed_0.1,weak_or_half,8355,0.525,0.07689053410893708
fixed_0.1,weak_or_half,8355,0.575,0.043257535695399266
fixed_0.1,weak_or_half,8355,0.625,0.014383923849814914
fixed_0.1,weak_or_half,8355,0.675,0.014383923849814914
fixed_0.1,weak_or_half,8355,0.725,0.009624537281861452
fixed_0.1,weak_or_half,8355,0.775,0.033632998413537805
fixed_0.1,weak_or_half,8355,0.825,0.004865150713907989
fixed_0.1,weak_or_half,8355,0.875,0.004865150713907989
fixed_0.1,weak_or_half,8355,0.925,0.028873611845584353
fixed_0.1,weak_or_half,8355,0.975,0.004865150713907989
fixed_0.3,weak_or_half,8355,0.325,0.05641298563065456
fixed_0.3,weak_or_half,8355,0.375,0.12896930991662225
fixed_0.3,weak_or_half,8355,0.425,0.13712967890722003
fixed_0.3,weak_or_half,8355,0.475,0.28224232747915556
fixed_0.3,weak_or_half,8355,0.525,0.12896930991662225
fixed_0.3,weak_or_half,8355,0.575,0.07255632428596769
fixed_0.3,weak_or_half,8355,0.625,0.024126308320028364
fixed_0.3,weak_or_half,8355,0.675,0.024126308320028364
fixed_0.3,weak_or_half,8355,0.725,0.016143338655313106
fixed_0.3,weak_or_half,8355,0.775,0.05641298563065456
fixed_0.3,weak_or_half,8355,0.825,0.008160368990597838
fixed_0.3,weak_or_half,8355,0.875,0.008160368990597838
fixed_0.3,weak_or_half,8355,0.925,0.048430015965939315
fixed_0.3,weak_or_half,8355,0.975,0.008160368990597838
prior,weak_or_strong,8355,0.975,0.004598160735705716
prior,weak_or_strong,8355,0.925,0.004598160735705716
prior,weak_or_strong,8355,0.875,0.004598160735705716
prior,weak_or_strong,8355,0.825,0.04998000799680129
prior,weak_or_strong,8355,0.775,0.06817273090763694
prior,weak_or_strong,8355,0.725,0.08636545381847262
prior,weak_or_strong,8355,0.675,0.10455817672930827
prior,weak_or_strong,8355,0.625,0.06357457017193124
prior,weak_or_strong,8355,0.575,0.018192722910835655
prior,weak_or_strong,8355,0.525,0.018192722910835655
prior,weak_or_strong,8355,0.475,0.03638544582167133
prior,weak_or_strong,8355,0.425,0.04088364654138345
prior,weak_or_strong,8355,0.375,0.04998000799680129
prior,weak_or_strong,8355,0.325,0.009096361455417826
prior,weak_or_strong,8355,0.275,0.10455817672930827
prior,weak_or_strong,8355,0.225,0.19992003198720515
prior,weak_or_strong,8355,0.175,0.06357457017193124
prior,weak_or_strong,8355,0.125,0.06357457017193124
prior,weak_or_strong,8355,0.075,0.004598160735705716
prior,weak_or_strong,8355,0.025,0.004598160735705716
literal,weak_or_strong,8355,0.025,0.0002586780874916768
literal,weak_or_strong,8355,0.075,0.0007242986449766945
literal,weak_or_strong,8355,0.125,0.017167227510752003
literal,weak_or_strong,8355,0.175,0.024320238973565347
literal,weak_or_strong,8355,0.225,0.09897248564898961
literal,weak_or_strong,8355,0.275,0.06352683953860823
literal,weak_or_strong,8355,0.325,0.006550179050224031
literal,weak_or_strong,8355,0.375,0.04161343146605241
literal,weak_or_strong,8355,0.425,0.038639758147235026
literal,weak_or_strong,8355,0.475,0.0384823019200662
literal,weak_or_strong,8355,0.525,0.021288081913228125
literal,weak_or_strong,8355,0.575,0.023335012866423126
literal,weak_or_strong,8355,0.625,0.08869734213888543
literal,weak_or_strong,8355,0.675,0.15764067589210212
literal,weak_or_strong,8355,0.725,0.13992909971028064
literal,weak_or_strong,8355,0.775,0.11812366162206904
literal,weak_or_strong,8355,0.825,0.09222436162746753
literal,weak_or_strong,8355,0.875,0.009001997444710369
literal,weak_or_strong,8355,0.925,0.009519353619693733
literal,weak_or_strong,8355,0.975,0.009984974177178741
pragmatic_unlifted,weak_or_strong,8355,0.025,0.000011948553740604963
pragmatic_unlifted,weak_or_strong,8355,0.075,0.0000936212901156034
pragmatic_unlifted,weak_or_strong,8355,0.125,0.0037990082166887607
pragmatic_unlifted,weak_or_strong,8355,0.175,0.007609163124406128
pragmatic_unlifted,weak_or_strong,8355,0.225,0.03996610172778644
pragmatic_unlifted,weak_or_strong,8355,0.275,0.03137731037360461
pragmatic_unlifted,weak_or_strong,8355,0.325,0.0038189718811965463
pragmatic_unlifted,weak_or_strong,8355,0.375,0.027921532387341453
pragmatic_unlifted,weak_or_strong,8355,0.425,0.029272816909581938
pragmatic_unlifted,weak_or_strong,8355,0.475,0.03242927848915601
pragmatic_unlifted,weak_or_strong,8355,0.525,0.01971703540855014
pragmatic_unlifted,weak_or_strong,8355,0.575,0.02352010781519926
pragmatic_unlifted,weak_or_strong,8355,0.625,0.09648296047812248
pragmatic_unlifted,weak_or_strong,8355,0.675,0.18374981143651692
pragmatic_unlifted,weak_or_strong,8355,0.725,0.1737040991882149
pragmatic_unlifted,weak_or_strong,8355,0.775,0.1553245433103705
pragmatic_unlifted,weak_or_strong,8355,0.825,0.12784370625327338
pragmatic_unlifted,weak_or_strong,8355,0.875,0.013099577801205043
pragmatic_unlifted,weak_or_strong,8355,0.925,0.014486163366217128
pragmatic_unlifted,weak_or_strong,8355,0.975,0.0157722419887123
fixed_0.05,weak_or_strong,8355,0.075,0.004619401486242217
fixed_0.05,weak_or_strong,8355,0.125,0.06386824663587065
fixed_0.05,weak_or_strong,8355,0.175,0.06386824663587065
fixed_0.05,weak_or_strong,8355,0.225,0.20084354288009643
fixed_0.05,weak_or_strong,8355,0.275,0.1050411729262904
fixed_0.05,weak_or_strong,8355,0.325,0.009138381201044382
fixed_0.05,weak_or_strong,8355,0.375,0.0502108857200241
fixed_0.05,weak_or_strong,8355,0.425,0.0410725045189797
fixed_0.05,weak_or_strong,8355,0.475,0.036553524804177534
fixed_0.05,weak_or_strong,8355,0.525,0.018276762402088767
fixed_0.05,weak_or_strong,8355,0.575,0.018276762402088767
fixed_0.05,weak_or_strong,8355,0.625,0.06386824663587065
fixed_0.05,weak_or_strong,8355,0.675,0.1050411729262904
fixed_0.05,weak_or_strong,8355,0.725,0.08676441052420164
fixed_0.05,weak_or_strong,8355,0.775,0.06848764812211285
fixed_0.05,weak_or_strong,8355,0.825,0.0502108857200241
fixed_0.05,weak_or_strong,8355,0.875,0.004619401486242217
fixed_0.05,weak_or_strong,8355,0.925,0.004619401486242217
fixed_0.05,weak_or_strong,8355,0.975,0.004619401486242217
fixed_0.1,weak_or_strong,8355,0.125,0.06416464891041165
fixed_0.1,weak_or_strong,8355,0.175,0.06416464891041165
fixed_0.1,weak_or_strong,8355,0.225,0.20177562550443914
fixed_0.1,weak_or_strong,8355,0.275,0.10552865213882166
fixed_0.1,weak_or_strong,8355,0.325,0.009180790960451974
fixed_0.1,weak_or_strong,8355,0.375,0.05044390637610979
fixed_0.1,weak_or_strong,8355,0.425,0.0412631154156578
fixed_0.1,weak_or_strong,8355,0.475,0.03672316384180792
fixed_0.1,weak_or_strong,8355,0.525,0.01836158192090395
fixed_0.1,weak_or_strong,8355,0.575,0.01836158192090395
fixed_0.1,weak_or_strong,8355,0.625,0.06416464891041165
fixed_0.1,weak_or_strong,8355,0.675,0.10552865213882166
fixed_0.1,weak_or_strong,8355,0.725,0.08716707021791771
fixed_0.1,weak_or_strong,8355,0.775,0.06880548829701373
fixed_0.1,weak_or_strong,8355,0.825,0.05044390637610979
fixed_0.1,weak_or_strong,8355,0.875,0.004640839386602098
fixed_0.1,weak_or_strong,8355,0.925,0.004640839386602098
fixed_0.1,weak_or_strong,8355,0.975,0.004640839386602098
fixed_0.3,weak_or_strong,8355,0.325,0.016267429388630662
fixed_0.3,weak_or_strong,8355,0.375,0.0893814801573114
fixed_0.3,weak_or_strong,8355,0.425,0.07311405076868072
fixed_0.3,weak_or_strong,8355,0.475,0.06506971755452272
fixed_0.3,weak_or_strong,8355,0.525,0.032534858777261325
fixed_0.3,weak_or_strong,8355,0.575,0.032534858777261325
fixed_0.3,weak_or_strong,8355,0.625,0.11369324276010016
fixed_0.3,weak_or_strong,8355,0.675,0.18698605648909547
fixed_0.3,weak_or_strong,8355,0.725,0.15445119771183413
fixed_0.3,weak_or_strong,8355,0.775,0.12191633893457271
fixed_0.3,weak_or_strong,8355,0.825,0.0893814801573114
fixed_0.3,weak_or_strong,8355,0.875,0.008223096174472646
fixed_0.3,weak_or_strong,8355,0.925,0.008223096174472646
fixed_0.3,weak_or_strong,8355,0.975,0.008223096174472646
prior,half_or_deterministic,8356,0.975,0.2226109556177529
prior,half_or_deterministic,8356,0.925,0.10905637744902041
prior,half_or_deterministic,8356,0.875,0.04088364654138345
prior,half_or_deterministic,8356,0.825,0.031787285085965615
prior,half_or_deterministic,8356,0.775,0.04538184726109556
prior,half_or_deterministic,8356,0.725,0.054578168732507
prior,half_or_deterministic,8356,0.675,0.04088364654138345
prior,half_or_deterministic,8356,0.625,0.036385445821671344
prior,half_or_deterministic,8356,0.575,0.04998000799680129
prior,half_or_deterministic,8356,0.525,0.09996001599360257
prior,half_or_deterministic,8356,0.475,0.18172730907636941
prior,half_or_deterministic,8356,0.425,0.04998000799680129
prior,half_or_deterministic,8356,0.375,0.004598160735705716
prior,half_or_deterministic,8356,0.325,0.004598160735705716
prior,half_or_deterministic,8356,0.275,0.004598160735705716
prior,half_or_deterministic,8356,0.225,0.004598160735705716
prior,half_or_deterministic,8356,0.175,0.004598160735705716
prior,half_or_deterministic,8356,0.125,0.004598160735705716
prior,half_or_deterministic,8356,0.075,0.004598160735705716
prior,half_or_deterministic,8356,0.025,0.004598160735705716
literal,half_or_deterministic,8356,0.025,0.00016539087977161633
literal,half_or_deterministic,8356,0.075,0.00046309446336052535
literal,half_or_deterministic,8356,0.125,0.0007938762229037587
literal,half_or_deterministic,8356,0.175,0.001124657982446991
literal,half_or_deterministic,8356,0.225,0.0014554397419902251
literal,half_or_deterministic,8356,0.275,0.001786221501533458
literal,half_or_deterministic,8356,0.325,0.0021170032610766916
literal,half_or_deterministic,8356,0.375,0.0024477850206199247
literal,half_or_deterministic,8356,0.425,0.03020181282786043
literal,half_or_deterministic,8356,0.475,0.12288686185187435
literal,half_or_deterministic,8356,0.525,0.07478544128803546
literal,half_or_deterministic,8356,0.575,0.040988174552096336
literal,half_or_deterministic,8356,0.625,0.03245688151900739
literal,half_or_deterministic,8356,0.675,0.03941048937723143
literal,half_or_deterministic,8356,0.725,0.05653779361375477
literal,half_or_deterministic,8356,0.775,0.050275951087445016
literal,half_or_deterministic,8356,0.825,0.03750202244282327
literal,half_or_deterministic,8356,0.875,0.05117481456446468
literal,half_or_deterministic,8356,0.925,0.1443531598646671
literal,half_or_deterministic,8356,0.975,0.3090731279370366
pragmatic_unlifted,half_or_deterministic,8356,0.025,0.000005599577316392932
pragmatic_unlifted,half_or_deterministic,8356,0.075,0.000043890074050454755
pragmatic_unlifted,half_or_deterministic,8356,0.125,0.00012891382513667847
pragmatic_unlifted,half_or_deterministic,8356,0.175,0.0002585110450601033
pragmatic_unlifted,half_or_deterministic,8356,0.225,0.0004324627136731488
pragmatic_unlifted,half_or_deterministic,8356,0.275,0.0006504756972571627
pragmatic_unlifted,half_or_deterministic,8356,0.325,0.0009121839790990136
pragmatic_unlifted,half_or_deterministic,8356,0.375,0.001217150187748592
pragmatic_unlifted,half_or_deterministic,8356,0.425,0.017009428381649642
pragmatic_unlifted,half_or_deterministic,8356,0.475,0.07725556546689633
pragmatic_unlifted,half_or_deterministic,8356,0.525,0.0518737461383028
pragmatic_unlifted,half_or_deterministic,8356,0.575,0.031070201297300783
pragmatic_unlifted,half_or_deterministic,8356,0.625,0.02667327215555891
pragmatic_unlifted,half_or_deterministic,8356,0.675,0.03487518704951102
pragmatic_unlifted,half_or_deterministic,8356,0.725,0.05355987145206179
pragmatic_unlifted,half_or_deterministic,8356,0.775,0.05072767232530648
pragmatic_unlifted,half_or_deterministic,8356,0.825,0.040121492527022504
pragmatic_unlifted,half_or_deterministic,8356,0.875,0.05782145937331887
pragmatic_unlifted,half_or_deterministic,8356,0.925,0.1716423763340828
pragmatic_unlifted,half_or_deterministic,8356,0.975,0.3837205403996465
fixed_0.05,half_or_deterministic,8356,0.075,0.004619401486242217
fixed_0.05,half_or_deterministic,8356,0.125,0.004619401486242217
fixed_0.05,half_or_deterministic,8356,0.175,0.004619401486242217
fixed_0.05,half_or_deterministic,8356,0.225,0.004619401486242217
fixed_0.05,half_or_deterministic,8356,0.275,0.004619401486242217
fixed_0.05,half_or_deterministic,8356,0.325,0.004619401486242217
fixed_0.05,half_or_deterministic,8356,0.375,0.004619401486242217
fixed_0.05,half_or_deterministic,8356,0.425,0.05021088572002412
fixed_0.05,half_or_deterministic,8356,0.475,0.18256678047800762
fixed_0.05,half_or_deterministic,8356,0.525,0.10042177144004824
fixed_0.05,half_or_deterministic,8356,0.575,0.05021088572002412
fixed_0.05,half_or_deterministic,8356,0.625,0.03655352480417757
fixed_0.05,half_or_deterministic,8356,0.675,0.04107250451897972
fixed_0.05,half_or_deterministic,8356,0.725,0.054830287206266336
fixed_0.05,half_or_deterministic,8356,0.775,0.04559148423378189
fixed_0.05,half_or_deterministic,8356,0.825,0.03193412331793534
fixed_0.05,half_or_deterministic,8356,0.875,0.04107250451897972
fixed_0.05,half_or_deterministic,8356,0.925,0.10956015264109265
fixed_0.05,half_or_deterministic,8356,0.975,0.22363928499698735
fixed_0.1,half_or_deterministic,8356,0.125,0.004640839386602098
fixed_0.1,half_or_deterministic,8356,0.175,0.004640839386602098
fixed_0.1,half_or_deterministic,8356,0.225,0.004640839386602098
fixed_0.1,half_or_deterministic,8356,0.275,0.004640839386602098
fixed_0.1,half_or_deterministic,8356,0.325,0.004640839386602098
fixed_0.1,half_or_deterministic,8356,0.375,0.004640839386602098
fixed_0.1,half_or_deterministic,8356,0.425,0.05044390637610979
fixed_0.1,half_or_deterministic,8356,0.475,0.1834140435835351
fixed_0.1,half_or_deterministic,8356,0.525,0.10088781275221959
fixed_0.1,half_or_deterministic,8356,0.575,0.05044390637610979
fixed_0.1,half_or_deterministic,8356,0.625,0.03672316384180793
fixed_0.1,half_or_deterministic,8356,0.675,0.0412631154156578
fixed_0.1,half_or_deterministic,8356,0.725,0.05508474576271186
fixed_0.1,half_or_deterministic,8356,0.775,0.045803066989507674
fixed_0.1,half_or_deterministic,8356,0.825,0.03208232445520581
fixed_0.1,half_or_deterministic,8356,0.875,0.0412631154156578
fixed_0.1,half_or_deterministic,8356,0.925,0.11006860371267158
fixed_0.1,half_or_deterministic,8356,0.975,0.2246771589991929
fixed_0.3,half_or_deterministic,8356,0.325,0.004728618421052629
fixed_0.3,half_or_deterministic,8356,0.375,0.004728618421052629
fixed_0.3,half_or_deterministic,8356,0.425,0.05139802631578947
fixed_0.3,half_or_deterministic,8356,0.475,0.18688322368421043
fixed_0.3,half_or_deterministic,8356,0.525,0.10279605263157895
fixed_0.3,half_or_deterministic,8356,0.575,0.05139802631578947
fixed_0.3,half_or_deterministic,8356,0.625,0.037417763157894746
fixed_0.3,half_or_deterministic,8356,0.675,0.042043585526315784
fixed_0.3,half_or_deterministic,8356,0.725,0.056126644736842105
fixed_0.3,half_or_deterministic,8356,0.775,0.04666940789473683
fixed_0.3,half_or_deterministic,8356,0.825,0.032689144736842105
fixed_0.3,half_or_deterministic,8356,0.875,0.042043585526315784
fixed_0.3,half_or_deterministic,8356,0.925,0.11215049342105264
fixed_0.3,half_or_deterministic,8356,0.975,0.22892680921052627
prior,rare_deterministic,8356,0.975,0.2453509298140372
prior,rare_deterministic,8356,0.925,0.09088182363527293
prior,rare_deterministic,8356,0.875,0.08178364327134573
prior,rare_deterministic,8356,0.825,0.004599080183963205
prior,rare_deterministic,8356,0.775,0.009098180363927216
prior,rare_deterministic,8356,0.725,0.004599080183963205
prior,rare_deterministic,8356,0.675,0.02269546090781843
prior,rare_deterministic,8356,0.625,0.03179364127174565
prior,rare_deterministic,8356,0.575,0.01819636072785443
prior,rare_deterministic,8356,0.525,0.02729454109178164
prior,rare_deterministic,8356,0.475,0.05908818236352728
prior,rare_deterministic,8356,0.425,0.004599080183963205
prior,rare_deterministic,8356,0.375,0.013597280543891218
prior,rare_deterministic,8356,0.325,0.004599080183963205
prior,rare_deterministic,8356,0.275,0.02269546090781843
prior,rare_deterministic,8356,0.225,0.009098180363927216
prior,rare_deterministic,8356,0.175,0.02729454109178164
prior,rare_deterministic,8356,0.125,0.009098180363927216
prior,rare_deterministic,8356,0.075,0.05458908218356329
prior,rare_deterministic,8356,0.025,0.2590481903619276
literal,rare_deterministic,8356,0.025,0.012324772745651118
literal,rare_deterministic,8356,0.075,0.0072721391638562016
literal,rare_deterministic,8356,0.125,0.0020777540468160595
literal,rare_deterministic,8356,0.175,0.008830454698968244
literal,rare_deterministic,8356,0.225,0.003809215752496111
literal,rare_deterministic,8356,0.275,0.011661679993530787
literal,rare_deterministic,8356,0.325,0.002800782011825309
literal,rare_deterministic,8356,0.375,0.009574412420859347
literal,rare_deterministic,8356,0.425,0.0036760263905207154
literal,rare_deterministic,8356,0.475,0.052851441537005175
literal,rare_deterministic,8356,0.525,0.027010802608608782
literal,rare_deterministic,8356,0.575,0.019738663444752575
literal,rare_deterministic,8356,0.625,0.03751373515295372
literal,rare_deterministic,8356,0.675,0.02893824294690977
literal,rare_deterministic,8356,0.725,0.006301759526606949
literal,rare_deterministic,8356,0.775,0.01333225513373639
literal,rare_deterministic,8356,0.825,0.0071770039053023595
literal,rare_deterministic,8356,0.875,0.13540791620486423
literal,rare_deterministic,8356,0.925,0.15911942804682544
literal,rare_deterministic,8356,0.975,0.45058151426791065
pragmatic_unlifted,rare_deterministic,8356,0.025,0.00040295228121109384
pragmatic_unlifted,rare_deterministic,8356,0.075,0.0006654435695879097
pragmatic_unlifted,rare_deterministic,8356,0.125,0.00032562556774948936
pragmatic_unlifted,rare_deterministic,8356,0.175,0.0019577321011605485
pragmatic_unlifted,rare_deterministic,8356,0.225,0.0010907988174203452
pragmatic_unlifted,rare_deterministic,8356,0.275,0.004088505848682733
pragmatic_unlifted,rare_deterministic,8356,0.325,0.0011604116818880242
pragmatic_unlifted,rare_deterministic,8356,0.375,0.004571211197697977
pragmatic_unlifted,rare_deterministic,8356,0.425,0.001984603007729224
pragmatic_unlifted,rare_deterministic,8356,0.475,0.03179250882976585
pragmatic_unlifted,rare_deterministic,8356,0.525,0.017890976171418622
pragmatic_unlifted,rare_deterministic,8356,0.575,0.014256422022072196
pragmatic_unlifted,rare_deterministic,8356,0.625,0.02930417365450015
pragmatic_unlifted,rare_deterministic,8356,0.675,0.024279076132651012
pragmatic_unlifted,rare_deterministic,8356,0.725,0.005644545837843201
pragmatic_unlifted,rare_deterministic,8356,0.775,0.01268218457788075
pragmatic_unlifted,rare_deterministic,8356,0.825,0.0072167447532005
pragmatic_unlifted,rare_deterministic,8356,0.875,0.14333619491455177
pragmatic_unlifted,rare_deterministic,8356,0.925,0.17666064537850418
pragmatic_unlifted,rare_deterministic,8356,0.975,0.5206892436544843
fixed_0.05,rare_deterministic,8356,0.075,0.07367426798002971
fixed_0.05,rare_deterministic,8356,0.125,0.012279044663338286
fixed_0.05,rare_deterministic,8356,0.175,0.036837133990014856
fixed_0.05,rare_deterministic,8356,0.225,0.012279044663338286
fixed_0.05,rare_deterministic,8356,0.275,0.030630144379975716
fixed_0.05,rare_deterministic,8356,0.325,0.006206989610039131
fixed_0.05,rare_deterministic,8356,0.375,0.018351099716637433
fixed_0.05,rare_deterministic,8356,0.425,0.006206989610039131
fixed_0.05,rare_deterministic,8356,0.475,0.07974632303332885
fixed_0.05,rare_deterministic,8356,0.525,0.036837133990014856
fixed_0.05,rare_deterministic,8356,0.575,0.024558089326676573
fixed_0.05,rare_deterministic,8356,0.625,0.042909189043314006
fixed_0.05,rare_deterministic,8356,0.675,0.030630144379975716
fixed_0.05,rare_deterministic,8356,0.725,0.006206989610039131
fixed_0.05,rare_deterministic,8356,0.775,0.012279044663338286
fixed_0.05,rare_deterministic,8356,0.825,0.006206989610039131
fixed_0.05,rare_deterministic,8356,0.875,0.11037646741330459
fixed_0.05,rare_deterministic,8356,0.925,0.12265551207664285
fixed_0.05,rare_deterministic,8356,0.975,0.3311294022399137
fixed_0.1,rare_deterministic,8356,0.125,0.013255644573925716
fixed_0.1,rare_deterministic,8356,0.175,0.03976693372177713
fixed_0.1,rare_deterministic,8356,0.225,0.013255644573925716
fixed_0.1,rare_deterministic,8356,0.275,0.03306627822286962
fixed_0.1,rare_deterministic,8356,0.325,0.006700655498907502
fixed_0.1,rare_deterministic,8356,0.375,0.019810633648943914
fixed_0.1,rare_deterministic,8356,0.425,0.006700655498907502
fixed_0.1,rare_deterministic,8356,0.475,0.08608885651857245
fixed_0.1,rare_deterministic,8356,0.525,0.03976693372177713
fixed_0.1,rare_deterministic,8356,0.575,0.026511289147851426
fixed_0.1,rare_deterministic,8356,0.625,0.04632192279679534
fixed_0.1,rare_deterministic,8356,0.675,0.03306627822286962
fixed_0.1,rare_deterministic,8356,0.725,0.006700655498907502
fixed_0.1,rare_deterministic,8356,0.775,0.013255644573925716
fixed_0.1,rare_deterministic,8356,0.825,0.006700655498907502
fixed_0.1,rare_deterministic,8356,0.875,0.1191551347414421
fixed_0.1,rare_deterministic,8356,0.925,0.1324107793153678
fixed_0.1,rare_deterministic,8356,0.975,0.3574654042243263
fixed_0.3,rare_deterministic,8356,0.325,0.007439754164644992
fixed_0.3,rare_deterministic,8356,0.375,0.021995794921559113
fixed_0.3,rare_deterministic,8356,0.425,0.007439754164644992
fixed_0.3,rare_deterministic,8356,0.475,0.09558466763706938
fixed_0.3,rare_deterministic,8356,0.525,0.04415332362930617
fixed_0.3,rare_deterministic,8356,0.575,0.02943554908620412
fixed_0.3,rare_deterministic,8356,0.625,0.05143134400776323
fixed_0.3,rare_deterministic,8356,0.675,0.036713569464661165
fixed_0.3,rare_deterministic,8356,0.725,0.007439754164644992
fixed_0.3,rare_deterministic,8356,0.775,0.014717774543102058
fixed_0.3,rare_deterministic,8356,0.825,0.007439754164644992
fixed_0.3,rare_deterministic,8356,0.875,0.13229823710173058
fixed_0.3,rare_deterministic,8356,0.925,0.1470160116448326
fixed_0.3,rare_deterministic,8356,0.975,0.3968947113051917
prior,rare_half,8356,0.975,0.004599080183963209
prior,rare_half,8356,0.925,0.004599080183963209
prior,rare_half,8356,0.875,0.01819636072785443
prior,rare_half,8356,0.825,0.004599080183963209
prior,rare_half,8356,0.775,0.004599080183963209
prior,rare_half,8356,0.725,0.01819636072785443
prior,rare_half,8356,0.675,0.013597280543891218
prior,rare_half,8356,0.625,0.01819636072785443
prior,rare_half,8356,0.575,0.02269546090781844
prior,rare_half,8356,0.525,0.0635872825434913
prior,rare_half,8356,0.475,0.1908618276344731
prior,rare_half,8356,0.425,0.07268546290741854
prior,rare_half,8356,0.375,0.0772845430913817
prior,rare_half,8356,0.325,0.03639272145570886
prior,rare_half,8356,0.275,0.05458908218356329
prior,rare_half,8356,0.225,0.01819636072785443
prior,rare_half,8356,0.175,0.027294541091781654
prior,rare_half,8356,0.125,0.02269546090781844
prior,rare_half,8356,0.075,0.0635872825434913
prior,rare_half,8356,0.025,0.26354729054189163
literal,rare_half,8356,0.025,0.021327620077090118
literal,rare_half,8356,0.075,0.014408279906404434
literal,rare_half,8356,0.125,0.008815847813352574
literal,rare_half,8356,0.175,0.015019952166581977
literal,rare_half,8356,0.225,0.012958390104502109
literal,rare_half,8356,0.275,0.047710436293848635
literal,rare_half,8356,0.325,0.037697134849460655
literal,rare_half,8356,0.375,0.09256316567903707
literal,rare_half,8356,0.425,0.0988190518109058
literal,rare_half,8356,0.475,0.2903760328037566
literal,rare_half,8356,0.525,0.10703293644757585
literal,rare_half,8356,0.575,0.041875277113424786
literal,rare_half,8356,0.625,0.036519099385415026
literal,rare_half,8356,0.675,0.029489722935120682
literal,rare_half,8356,0.725,0.04240927670564322
literal,rare_half,8356,0.775,0.01146319124629033
literal,rare_half,8356,0.825,0.012207554314231272
literal,rare_half,8356,0.875,0.0512445426859856
literal,rare_half,8356,0.925,0.013696280450113132
literal,rare_half,8356,0.975,0.014366207211259955
pragmatic_unlifted,rare_half,8356,0.025,0.0011986150197854002
pragmatic_unlifted,rare_half,8356,0.075,0.0022645210041124025
pragmatic_unlifted,rare_half,8356,0.125,0.002368828001016837
pragmatic_unlifted,rare_half,8356,0.175,0.005693952483050506
pragmatic_unlifted,rare_half,8356,0.225,0.006322254779050794
pragmatic_unlifted,rare_half,8356,0.275,0.02837141921034769
pragmatic_unlifted,rare_half,8356,0.325,0.026350203043786706
pragmatic_unlifted,rare_half,8356,0.375,0.07409994402920168
pragmatic_unlifted,rare_half,8356,0.425,0.0888315547389628
pragmatic_unlifted,rare_half,8356,0.475,0.28860275251815526
pragmatic_unlifted,rare_half,8356,0.525,0.11614810530232389
pragmatic_unlifted,rare_half,8356,0.575,0.049099761307647774
pragmatic_unlifted,rare_half,8356,0.625,0.045860855899739636
pragmatic_unlifted,rare_half,8356,0.675,0.0393650240239933
pragmatic_unlifted,rare_half,8356,0.725,0.05978161172116992
pragmatic_unlifted,rare_half,8356,0.775,0.016965956256067356
pragmatic_unlifted,rare_half,8356,0.825,0.018873619353726282
pragmatic_unlifted,rare_half,8356,0.875,0.08238670135941437
pragmatic_unlifted,rare_half,8356,0.925,0.022804958789051904
pragmatic_unlifted,rare_half,8356,0.975,0.024609361159394827
fixed_0.05,rare_half,8356,0.075,0.08634265544393155
fixed_0.05,rare_half,8356,0.125,0.030817268531088775
fixed_0.05,rare_half,8356,0.175,0.037062177572631
fixed_0.05,rare_half,8356,0.225,0.024708118381753998
fixed_0.05,rare_half,8356,0.275,0.07412435514526199
fixed_0.05,rare_half,8356,0.325,0.049416236763507995
fixed_0.05,rare_half,8356,0.375,0.10494162367635074
fixed_0.05,rare_half,8356,0.425,0.09869671463480856
fixed_0.05,rare_half,8356,0.475,0.2591637252240021
fixed_0.05,rare_half,8356,0.525,0.08634265544393155
fixed_0.05,rare_half,8356,0.575,0.030817268531088775
fixed_0.05,rare_half,8356,0.625,0.024708118381753998
fixed_0.05,rare_half,8356,0.675,0.01846320934021177
fixed_0.05,rare_half,8356,0.725,0.024708118381753998
fixed_0.05,rare_half,8356,0.775,0.0062449090415422235
fixed_0.05,rare_half,8356,0.825,0.0062449090415422235
fixed_0.05,rare_half,8356,0.875,0.024708118381753998
fixed_0.05,rare_half,8356,0.925,0.0062449090415422235
fixed_0.05,rare_half,8356,0.975,0.0062449090415422235
fixed_0.1,rare_half,8356,0.125,0.03372956909361071
fixed_0.1,rare_half,8356,0.175,0.04056463595839527
fixed_0.1,rare_half,8356,0.225,0.027043090638930175
fixed_0.1,rare_half,8356,0.275,0.08112927191679051
fixed_0.1,rare_half,8356,0.325,0.05408618127786036
fixed_0.1,rare_half,8356,0.375,0.1148588410104012
fixed_0.1,rare_half,8356,0.425,0.1080237741456167
fixed_0.1,rare_half,8356,0.475,0.2836552748885588
fixed_0.1,rare_half,8356,0.525,0.09450222882615159
fixed_0.1,rare_half,8356,0.575,0.03372956909361071
fixed_0.1,rare_half,8356,0.625,0.027043090638930175
fixed_0.1,rare_half,8356,0.675,0.020208023774145618
fixed_0.1,rare_half,8356,0.725,0.027043090638930175
fixed_0.1,rare_half,8356,0.775,0.006835066864784552
fixed_0.1,rare_half,8356,0.825,0.006835066864784552
fixed_0.1,rare_half,8356,0.875,0.027043090638930175
fixed_0.1,rare_half,8356,0.925,0.006835066864784552
fixed_0.1,rare_half,8356,0.975,0.006835066864784552
fixed_0.3,rare_half,8356,0.325,0.06615776081424937
fixed_0.3,rare_half,8356,0.375,0.14049436568520535
fixed_0.3,rare_half,8356,0.425,0.1321337695383497
fixed_0.3,rare_half,8356,0.475,0.34696474009451106
fixed_0.3,rare_half,8356,0.525,0.11559432933478735
fixed_0.3,rare_half,8356,0.575,0.04125772446383134
fixed_0.3,rare_half,8356,0.625,0.033078880407124686
fixed_0.3,rare_half,8356,0.675,0.024718284260268987
fixed_0.3,rare_half,8356,0.725,0.033078880407124686
fixed_0.3,rare_half,8356,0.775,0.008360596146855696
fixed_0.3,rare_half,8356,0.825,0.008360596146855696
fixed_0.3,rare_half,8356,0.875,0.033078880407124686
fixed_0.3,rare_half,8356,0.925,0.008360596146855696
fixed_0.3,rare_half,8356,0.975,0.008360596146855696
prior,rare_strong,8356,0.975,0.004599080183963209
prior,rare_strong,8356,0.925,0.004599080183963209
prior,rare_strong,8356,0.875,0.013597280543891218
prior,rare_strong,8356,0.825,0.02269546090781843
prior,rare_strong,8356,0.775,0.140871825634873
prior,rare_strong,8356,0.725,0.2135572885422915
prior,rare_strong,8356,0.675,0.08178364327134569
prior,rare_strong,8356,0.625,0.04999000199960006
prior,rare_strong,8356,0.575,0.01819636072785443
prior,rare_strong,8356,0.525,0.01819636072785443
prior,rare_strong,8356,0.475,0.009098180363927216
prior,rare_strong,8356,0.425,0.004599080183963209
prior,rare_strong,8356,0.375,0.004599080183963209
prior,rare_strong,8356,0.325,0.009098180363927216
prior,rare_strong,8356,0.275,0.04999000199960006
prior,rare_strong,8356,0.225,0.013597280543891218
prior,rare_strong,8356,0.175,0.009098180363927216
prior,rare_strong,8356,0.125,0.03639272145570885
prior,rare_strong,8356,0.075,0.02729454109178164
prior,rare_strong,8356,0.025,0.2681463707258548
literal,rare_strong,8356,0.025,0.014936777665897356
literal,rare_strong,8356,0.075,0.004257148712830698
literal,rare_strong,8356,0.125,0.009730625629327312
literal,rare_strong,8356,0.175,0.0034462632437200907
literal,rare_strong,8356,0.225,0.006665300339502598
literal,rare_strong,8356,0.275,0.03007404899173965
literal,rare_strong,8356,0.325,0.006487083752884879
literal,rare_strong,8356,0.375,0.0037915578802919184
literal,rare_strong,8356,0.425,0.0043039305668178506
literal,rare_strong,8356,0.475,0.00952790426204966
literal,rare_strong,8356,0.525,0.02108302219687589
literal,rare_strong,8356,0.575,0.023110235869652405
literal,rare_strong,8356,0.625,0.06905892731436516
literal,rare_strong,8356,0.675,0.12209172807713216
literal,rare_strong,8356,0.725,0.34260356611389853
literal,rare_strong,8356,0.775,0.24169065164894904
literal,rare_strong,8356,0.825,0.04146654429127715
literal,rare_strong,8356,0.875,0.026358233160760282
literal,rare_strong,8356,0.925,0.009427657432077218
literal,rare_strong,8356,0.975,0.00988879284995055
pragmatic_unlifted,rare_strong,8356,0.025,0.0005895227905644782
pragmatic_unlifted,rare_strong,8356,0.075,0.00047018500543829627
pragmatic_unlifted,rare_strong,8356,0.125,0.001839987946158407
pragmatic_unlifted,rare_strong,8356,0.175,0.0009213796034451179
pragmatic_unlifted,rare_strong,8356,0.225,0.002300068703530319
pragmatic_unlifted,rare_strong,8356,0.275,0.012694700809632309
pragmatic_unlifted,rare_strong,8356,0.325,0.0032325761153063582
pragmatic_unlifted,rare_strong,8356,0.375,0.002174546190132948
pragmatic_unlifted,rare_strong,8356,0.425,0.002787308932072941
pragmatic_unlifted,rare_strong,8356,0.475,0.0068645637286140985
pragmatic_unlifted,rare_strong,8356,0.525,0.016696741690330454
pragmatic_unlifted,rare_strong,8356,0.575,0.019919964931099054
pragmatic_unlifted,rare_strong,8356,0.625,0.06425048178262467
pragmatic_unlifted,rare_strong,8356,0.675,0.12173886831707903
pragmatic_unlifted,rare_strong,8356,0.725,0.3638732915138966
pragmatic_unlifted,rare_strong,8356,0.775,0.27195368104491213
pragmatic_unlifted,rare_strong,8356,0.825,0.04919744984719523
pragmatic_unlifted,rare_strong,8356,0.875,0.03283433124797383
pragmatic_unlifted,rare_strong,8356,0.925,0.01228368311016297
pragmatic_unlifted,rare_strong,8356,0.975,0.013376666689830868
fixed_0.05,rare_strong,8356,0.075,0.037295081967213116
fixed_0.05,rare_strong,8356,0.125,0.04972677595628415
fixed_0.05,rare_strong,8356,0.175,0.012431693989071046
fixed_0.05,rare_strong,8356,0.225,0.018579234972677595
fixed_0.05,rare_strong,8356,0.275,0.06830601092896173
fixed_0.05,rare_strong,8356,0.325,0.012431693989071046
fixed_0.05,rare_strong,8356,0.375,0.006284153005464487
fixed_0.05,rare_strong,8356,0.425,0.006284153005464487
fixed_0.05,rare_strong,8356,0.475,0.012431693989071046
fixed_0.05,rare_strong,8356,0.525,0.024863387978142085
fixed_0.05,rare_strong,8356,0.575,0.024863387978142085
fixed_0.05,rare_strong,8356,0.625,0.06830601092896173
fixed_0.05,rare_strong,8356,0.675,0.11174863387978139
fixed_0.05,rare_strong,8356,0.725,0.2918032786885246
fixed_0.05,rare_strong,8356,0.775,0.19248633879781418
fixed_0.05,rare_strong,8356,0.825,0.03101092896174863
fixed_0.05,rare_strong,8356,0.875,0.018579234972677595
fixed_0.05,rare_strong,8356,0.925,0.006284153005464487
fixed_0.05,rare_strong,8356,0.975,0.006284153005464487
fixed_0.1,rare_strong,8356,0.125,0.05165318575280261
fixed_0.1,rare_strong,8356,0.175,0.012913296438200656
fixed_0.1,rare_strong,8356,0.225,0.019298992479069108
fixed_0.1,rare_strong,8356,0.275,0.07095217823187171
fixed_0.1,rare_strong,8356,0.325,0.012913296438200656
fixed_0.1,rare_strong,8356,0.375,0.006527600397332202
fixed_0.1,rare_strong,8356,0.425,0.006527600397332202
fixed_0.1,rare_strong,8356,0.475,0.012913296438200656
fixed_0.1,rare_strong,8356,0.525,0.025826592876401315
fixed_0.1,rare_strong,8356,0.575,0.025826592876401315
fixed_0.1,rare_strong,8356,0.625,0.07095217823187171
fixed_0.1,rare_strong,8356,0.675,0.11607776358734209
fixed_0.1,rare_strong,8356,0.725,0.30310770540655596
fixed_0.1,rare_strong,8356,0.775,0.19994323825741445
fixed_0.1,rare_strong,8356,0.825,0.03221228891726976
fixed_0.1,rare_strong,8356,0.875,0.019298992479069108
fixed_0.1,rare_strong,8356,0.925,0.006527600397332202
fixed_0.1,rare_strong,8356,0.975,0.006527600397332202
fixed_0.3,rare_strong,8356,0.325,0.015278710543989256
fixed_0.3,rare_strong,8356,0.375,0.0077233042310275385
fixed_0.3,rare_strong,8356,0.425,0.0077233042310275385
fixed_0.3,rare_strong,8356,0.475,0.015278710543989256
fixed_0.3,rare_strong,8356,0.525,0.030557421087978515
fixed_0.3,rare_strong,8356,0.575,0.030557421087978515
fixed_0.3,rare_strong,8356,0.625,0.083948959032908
fixed_0.3,rare_strong,8356,0.675,0.13734049697783746
fixed_0.3,rare_strong,8356,0.725,0.35862995298858297
fixed_0.3,rare_strong,8356,0.775,0.23656816655473473
fixed_0.3,rare_strong,8356,0.825,0.03811282740094022
fixed_0.3,rare_strong,8356,0.875,0.02283411685695097
fixed_0.3,rare_strong,8356,0.925,0.0077233042310275385
fixed_0.3,rare_strong,8356,0.975,0.0077233042310275385
prior,rare_weak,8356,0.975,0.004598620413875837
prior,rare_weak,8356,0.925,0.004598620413875837
prior,rare_weak,8356,0.875,0.022693192042387296
prior,rare_weak,8356,0.825,0.00909727081875437
prior,rare_weak,8356,0.775,0.004598620413875837
prior,rare_weak,8356,0.725,0.004598620413875837
prior,rare_weak,8356,0.675,0.004598620413875837
prior,rare_weak,8356,0.625,0.0135959212236329
prior,rare_weak,8356,0.575,0.004598620413875837
prior,rare_weak,8356,0.525,0.004598620413875837
prior,rare_weak,8356,0.475,0.0135959212236329
prior,rare_weak,8356,0.425,0.004598620413875837
prior,rare_weak,8356,0.375,0.0135959212236329
prior,rare_weak,8356,0.325,0.05458362491252626
prior,rare_weak,8356,0.275,0.07727681695491355
prior,rare_weak,8356,0.225,0.14535639308207537
prior,rare_weak,8356,0.175,0.12266320103968811
prior,rare_weak,8356,0.125,0.049985004498650426
prior,rare_weak,8356,0.075,0.05908227531740479
prior,rare_weak,8356,0.025,0.3816854943516945
literal,rare_weak,8356,0.025,0.05201861661543831
literal,rare_weak,8356,0.075,0.022545942057419412
literal,rare_weak,8356,0.125,0.03269897325223992
literal,rare_weak,8356,0.175,0.11367798051141195
literal,rare_weak,8356,0.225,0.17432912606544157
literal,rare_weak,8356,0.275,0.1137433784579165
literal,rare_weak,8356,0.325,0.09521941011052268
literal,rare_weak,8356,0.375,0.027423538900878515
literal,rare_weak,8356,0.425,0.01052906938722124
literal,rare_weak,8356,0.475,0.0348353061713862
literal,rare_weak,8356,0.525,0.013035990669892977
literal,rare_weak,8356,0.575,0.014289451311228833
literal,rare_weak,8356,0.625,0.045952957077147805
literal,rare_weak,8356,0.675,0.016796372593900582
literal,rare_weak,8356,0.725,0.01804983323523642
literal,rare_weak,8356,0.775,0.019303293876572303
literal,rare_weak,8356,0.825,0.04066662306803567
literal,rare_weak,8356,0.875,0.10762867045974761
literal,rare_weak,8356,0.925,0.023063675800579914
literal,rare_weak,8356,0.975,0.024191790377782164
pragmatic_unlifted,rare_weak,8356,0.025,0.004151191856136744
pragmatic_unlifted,rare_weak,8356,0.075,0.0050203754417086945
pragmatic_unlifted,rare_weak,8356,0.125,0.012386851707842577
pragmatic_unlifted,rare_weak,8356,0.175,0.060303932291909564
pragmatic_unlifted,rare_weak,8356,0.225,0.1178542755000581
pragmatic_unlifted,rare_weak,8356,0.275,0.09259932810396912
pragmatic_unlifted,rare_weak,8356,0.325,0.089842311825176
pragmatic_unlifted,rare_weak,8356,0.375,0.02916358234774626
pragmatic_unlifted,rare_weak,8356,0.425,0.01235367491408041
pragmatic_unlifted,rare_weak,8356,0.475,0.04433634975291459
pragmatic_unlifted,rare_weak,8356,0.525,0.017751499179962958
pragmatic_unlifted,rare_weak,8356,0.575,0.020582486543950177
pragmatic_unlifted,rare_weak,8356,0.625,0.06934566378796403
pragmatic_unlifted,rare_weak,8356,0.675,0.026339422661657556
pragmatic_unlifted,rare_weak,8356,0.725,0.029209294301493632
pragmatic_unlifted,rare_weak,8356,0.775,0.03204281583995833
pragmatic_unlifted,rare_weak,8356,0.825,0.0688868621931623
pragmatic_unlifted,rare_weak,8356,0.875,0.18521324152222876
pragmatic_unlifted,rare_weak,8356,0.925,0.04016245512358417
pragmatic_unlifted,rare_weak,8356,0.975,0.04245438510449568
fixed_0.05,rare_weak,8356,0.075,0.09555375909458369
fixed_0.05,rare_weak,8356,0.125,0.08084074373484239
fixed_0.05,rare_weak,8356,0.175,0.19838318512530317
fixed_0.05,rare_weak,8356,0.225,0.23508488278092157
fixed_0.05,rare_weak,8356,0.275,0.12497978981406632
fixed_0.05,rare_weak,8356,0.325,0.0882780921584479
fixed_0.05,rare_weak,8356,0.375,0.021988682295877107
fixed_0.05,rare_weak,8356,0.425,0.0074373484236054934
fixed_0.05,rare_weak,8356,0.475,0.021988682295877107
fixed_0.05,rare_weak,8356,0.525,0.0074373484236054934
fixed_0.05,rare_weak,8356,0.575,0.0074373484236054934
fixed_0.05,rare_weak,8356,0.625,0.021988682295877107
fixed_0.05,rare_weak,8356,0.675,0.0074373484236054934
fixed_0.05,rare_weak,8356,0.725,0.0074373484236054934
fixed_0.05,rare_weak,8356,0.775,0.0074373484236054934
fixed_0.05,rare_weak,8356,0.825,0.014713015359741295
fixed_0.05,rare_weak,8356,0.875,0.036701697655618454
fixed_0.05,rare_weak,8356,0.925,0.0074373484236054934
fixed_0.05,rare_weak,8356,0.975,0.0074373484236054934
fixed_0.1,rare_weak,8356,0.125,0.08938148015731148
fixed_0.1,rare_weak,8356,0.175,0.21934215230604226
fixed_0.1,rare_weak,8356,0.225,0.2599213442974616
fixed_0.1,rare_weak,8356,0.275,0.1381837683232035
fixed_0.1,rare_weak,8356,0.325,0.0976045763317841
fixed_0.1,rare_weak,8356,0.375,0.024311762602788695
fixed_0.1,rare_weak,8356,0.425,0.008223096174472653
fixed_0.1,rare_weak,8356,0.475,0.024311762602788695
fixed_0.1,rare_weak,8356,0.525,0.008223096174472653
fixed_0.1,rare_weak,8356,0.575,0.008223096174472653
fixed_0.1,rare_weak,8356,0.625,0.024311762602788695
fixed_0.1,rare_weak,8356,0.675,0.008223096174472653
fixed_0.1,rare_weak,8356,0.725,0.008223096174472653
fixed_0.1,rare_weak,8356,0.775,0.008223096174472653
fixed_0.1,rare_weak,8356,0.825,0.016267429388630676
fixed_0.1,rare_weak,8356,0.875,0.0405791919914194
fixed_0.1,rare_weak,8356,0.925,0.008223096174472653
fixed_0.1,rare_weak,8356,0.975,0.008223096174472653
fixed_0.3,rare_weak,8356,0.325,0.33292682926829287
fixed_0.3,rare_weak,8356,0.375,0.08292682926829263
fixed_0.3,rare_weak,8356,0.425,0.02804878048780488
fixed_0.3,rare_weak,8356,0.475,0.08292682926829263
fixed_0.3,rare_weak,8356,0.525,0.02804878048780488
fixed_0.3,rare_weak,8356,0.575,0.02804878048780488
fixed_0.3,rare_weak,8356,0.625,0.08292682926829263
fixed_0.3,rare_weak,8356,0.675,0.02804878048780488
fixed_0.3,rare_weak,8356,0.725,0.02804878048780488
fixed_0.3,rare_weak,8356,0.775,0.02804878048780488
fixed_0.3,rare_weak,8356,0.825,0.05548780487804876
fixed_0.3,rare_weak,8356,0.875,0.13841463414634156
fixed_0.3,rare_weak,8356,0.925,0.02804878048780488
fixed_0.3,rare_weak,8356,0.975,0.02804878048780488
prior,strong_or_deterministic,8356,0.975,0.14994002399040385
prior,strong_or_deterministic,8356,0.925,0.054578168732507
prior,strong_or_deterministic,8356,0.875,0.07267093162734908
prior,strong_or_deterministic,8356,0.825,0.11815273890443823
prior,strong_or_deterministic,8356,0.775,0.16353458616553382
prior,strong_or_deterministic,8356,0.725,0.2181127548980408
prior,strong_or_deterministic,8356,0.675,0.04998000799680129
prior,strong_or_deterministic,8356,0.625,0.036385445821671344
prior,strong_or_deterministic,8356,0.575,0.013594562175129946
prior,strong_or_deterministic,8356,0.525,0.004598160735705716
prior,strong_or_deterministic,8356,0.475,0.022690923630547775
prior,strong_or_deterministic,8356,0.425,0.004598160735705716
prior,strong_or_deterministic,8356,0.375,0.004598160735705716
prior,strong_or_deterministic,8356,0.325,0.004598160735705716
prior,strong_or_deterministic,8356,0.275,0.004598160735705716
prior,strong_or_deterministic,8356,0.225,0.04088364654138345
prior,strong_or_deterministic,8356,0.175,0.022690923630547775
prior,strong_or_deterministic,8356,0.125,0.004598160735705716
prior,strong_or_deterministic,8356,0.075,0.004598160735705716
prior,strong_or_deterministic,8356,0.025,0.004598160735705716
literal,strong_or_deterministic,8356,0.025,0.00015639747261684208
literal,strong_or_deterministic,8356,0.075,0.00043791292332715783
literal,strong_or_deterministic,8356,0.125,0.0007507078685608429
literal,strong_or_deterministic,8356,0.175,0.005248155189812129
literal,strong_or_deterministic,8356,0.225,0.012237082248750863
literal,strong_or_deterministic,8356,0.275,0.0016890927042618974
literal,strong_or_deterministic,8356,0.325,0.0020018876494955827
literal,strong_or_deterministic,8356,0.375,0.0023146825947292673
literal,strong_or_deterministic,8356,0.425,0.0026274775399629507
literal,strong_or_deterministic,8356,0.475,0.014509605524774705
literal,strong_or_deterministic,8356,0.525,0.0032530674304303256
literal,strong_or_deterministic,8356,0.575,0.010542549632397943
literal,strong_or_deterministic,8356,0.625,0.030691984017538296
literal,strong_or_deterministic,8356,0.675,0.0455592637622976
literal,strong_or_deterministic,8356,0.725,0.2136579872869255
literal,strong_or_deterministic,8356,0.775,0.17131915148251203
literal,strong_or_deterministic,8356,0.825,0.1318145098775203
literal,strong_or_deterministic,8356,0.875,0.08601724996124066
literal,strong_or_deterministic,8356,0.925,0.06831441603903675
literal,strong_or_deterministic,8356,0.975,0.19685681879380823
pragmatic_unlifted,strong_or_deterministic,8356,0.025,0.000005105167403203012
pragmatic_unlifted,strong_or_deterministic,8356,0.075,0.000040015860659172784
pragmatic_unlifted,strong_or_deterministic,8356,0.125,0.00011754116922745757
pragmatic_unlifted,strong_or_deterministic,8356,0.175,0.001163255823830686
pragmatic_unlifted,strong_or_deterministic,8356,0.225,0.003506652408593201
pragmatic_unlifted,strong_or_deterministic,8356,0.275,0.0005932980318409809
pragmatic_unlifted,strong_or_deterministic,8356,0.325,0.0008321473261221856
pragmatic_unlifted,strong_or_deterministic,8356,0.375,0.0011105815950253797
pragmatic_unlifted,strong_or_deterministic,8356,0.425,0.001428186089028129
pragmatic_unlifted,strong_or_deterministic,8356,0.475,0.00880607195658888
pragmatic_unlifted,strong_or_deterministic,8356,0.525,0.0021789699459772603
pragmatic_unlifted,strong_or_deterministic,8356,0.575,0.00771962120648653
pragmatic_unlifted,strong_or_deterministic,8356,0.625,0.02437295754466159
pragmatic_unlifted,strong_or_deterministic,8356,0.675,0.03897225727311066
pragmatic_unlifted,strong_or_deterministic,8356,0.725,0.19573367828859906
pragmatic_unlifted,strong_or_deterministic,8356,0.775,0.16723180958848496
pragmatic_unlifted,strong_or_deterministic,8356,0.825,0.1364920093340284
pragmatic_unlifted,strong_or_deterministic,8356,0.875,0.09411170592960302
pragmatic_unlifted,strong_or_deterministic,8356,0.925,0.078695470959853
pragmatic_unlifted,strong_or_deterministic,8356,0.975,0.23688866450087584
fixed_0.05,strong_or_deterministic,8356,0.075,0.004619401486242217
fixed_0.05,strong_or_deterministic,8356,0.125,0.004619401486242217
fixed_0.05,strong_or_deterministic,8356,0.175,0.022795742116890942
fixed_0.05,strong_or_deterministic,8356,0.225,0.04107250451897972
fixed_0.05,strong_or_deterministic,8356,0.275,0.004619401486242217
fixed_0.05,strong_or_deterministic,8356,0.325,0.004619401486242217
fixed_0.05,strong_or_deterministic,8356,0.375,0.004619401486242217
fixed_0.05,strong_or_deterministic,8356,0.425,0.004619401486242217
fixed_0.05,strong_or_deterministic,8356,0.475,0.022795742116890942
fixed_0.05,strong_or_deterministic,8356,0.525,0.004619401486242217
fixed_0.05,strong_or_deterministic,8356,0.575,0.013657360915846557
fixed_0.05,strong_or_deterministic,8356,0.625,0.03655352480417757
fixed_0.05,strong_or_deterministic,8356,0.675,0.05021088572002412
fixed_0.05,strong_or_deterministic,8356,0.725,0.2191203052821852
fixed_0.05,strong_or_deterministic,8356,0.775,0.1642900180759189
fixed_0.05,strong_or_deterministic,8356,0.825,0.118698533842137
fixed_0.05,strong_or_deterministic,8356,0.875,0.07300662783691508
fixed_0.05,strong_or_deterministic,8356,0.925,0.054830287206266315
fixed_0.05,strong_or_deterministic,8356,0.975,0.1506326571600723
fixed_0.1,strong_or_deterministic,8356,0.125,0.004640839386602098
fixed_0.1,strong_or_deterministic,8356,0.175,0.022901533494753837
fixed_0.1,strong_or_deterministic,8356,0.225,0.0412631154156578
fixed_0.1,strong_or_deterministic,8356,0.275,0.004640839386602098
fixed_0.1,strong_or_deterministic,8356,0.325,0.004640839386602098
fixed_0.1,strong_or_deterministic,8356,0.375,0.004640839386602098
fixed_0.1,strong_or_deterministic,8356,0.425,0.004640839386602098
fixed_0.1,strong_or_deterministic,8356,0.475,0.022901533494753837
fixed_0.1,strong_or_deterministic,8356,0.525,0.004640839386602098
fixed_0.1,strong_or_deterministic,8356,0.575,0.01372074253430186
fixed_0.1,strong_or_deterministic,8356,0.625,0.03672316384180793
fixed_0.1,strong_or_deterministic,8356,0.675,0.05044390637610979
fixed_0.1,strong_or_deterministic,8356,0.725,0.22013720742534307
fixed_0.1,strong_or_deterministic,8356,0.775,0.1650524616626312
fixed_0.1,strong_or_deterministic,8356,0.825,0.11924939467312352
fixed_0.1,strong_or_deterministic,8356,0.875,0.07334543987086364
fixed_0.1,strong_or_deterministic,8356,0.925,0.05508474576271189
fixed_0.1,strong_or_deterministic,8356,0.975,0.15133171912832932
fixed_0.3,strong_or_deterministic,8356,0.325,0.005008710801393725
fixed_0.3,strong_or_deterministic,8356,0.375,0.005008710801393725
fixed_0.3,strong_or_deterministic,8356,0.425,0.005008710801393725
fixed_0.3,strong_or_deterministic,8356,0.475,0.02471689895470383
fixed_0.3,strong_or_deterministic,8356,0.525,0.005008710801393725
fixed_0.3,strong_or_deterministic,8356,0.575,0.014808362369337974
fixed_0.3,strong_or_deterministic,8356,0.625,0.039634146341463436
fixed_0.3,strong_or_deterministic,8356,0.675,0.054442508710801404
fixed_0.3,strong_or_deterministic,8356,0.725,0.23758710801393734
fixed_0.3,strong_or_deterministic,8356,0.775,0.17813588850174222
fixed_0.3,strong_or_deterministic,8356,0.825,0.1287020905923345
fixed_0.3,strong_or_deterministic,8356,0.875,0.07915940766550526
fixed_0.3,strong_or_deterministic,8356,0.925,0.05945121951219514
fixed_0.3,strong_or_deterministic,8356,0.975,0.1633275261324042
prior,uniform,8356,0.975,0.013601360136013605
prior,uniform,8356,0.925,0.022702270227022717
prior,uniform,8356,0.875,0.013601360136013605
prior,uniform,8356,0.825,0.027302730273027313
prior,uniform,8356,0.775,0.059105910591059116
prior,uniform,8356,0.725,0.03640364036403643
prior,uniform,8356,0.675,0.040904090409040916
prior,uniform,8356,0.625,0.040904090409040916
prior,uniform,8356,0.575,0.10001000100010007
prior,uniform,8356,0.525,0.06360636063606365
prior,uniform,8356,0.475,0.13641364136413645
prior,uniform,8356,0.425,0.04540454045404543
prior,uniform,8356,0.375,0.08180818081808185
prior,uniform,8356,0.325,0.08640864086408645
prior,uniform,8356,0.275,0.040904090409040916
prior,uniform,8356,0.225,0.031803180318031816
prior,uniform,8356,0.175,0.022702270227022717
prior,uniform,8356,0.125,0.08180818081808185
prior,uniform,8356,0.075,0.027302730273027313
prior,uniform,8356,0.025,0.027302730273027313
literal,uniform,8356,0.025,0.0014896168792690057
literal,uniform,8356,0.075,0.004170927261953216
literal,uniform,8356,0.125,0.021424291995464584
literal,uniform,8356,0.175,0.008422610310767903
literal,uniform,8356,0.225,0.015269391483320124
literal,uniform,8356,0.275,0.024102328494897643
literal,uniform,8356,0.325,0.06034421608502491
literal,uniform,8356,0.375,0.06605823365268246
literal,uniform,8356,0.425,0.04161760388850027
literal,uniform,8356,0.475,0.13992140497608427
literal,uniform,8356,0.525,0.07218257792114968
literal,uniform,8356,0.575,0.12440756354334577
literal,uniform,8356,0.625,0.0553460876549502
literal,uniform,8356,0.675,0.05980948182067199
literal,uniform,8356,0.725,0.05720128816392991
literal,uniform,8356,0.775,0.09932307007310584
literal,uniform,8356,0.825,0.04885943364002344
literal,uniform,8356,0.875,0.02582439108499766
literal,uniform,8356,0.925,0.04558118521121468
literal,uniform,8356,0.975,0.028644295858646803
pragmatic_unlifted,uniform,8356,0.025,0.00006866209702640357
pragmatic_unlifted,uniform,8356,0.075,0.000538011552718338
pragmatic_unlifted,uniform,8356,0.125,0.004731648005776117
pragmatic_unlifted,uniform,8356,0.175,0.0026302869806257064
pragmatic_unlifted,uniform,8356,0.225,0.0061553867467935754
pragmatic_unlifted,uniform,8356,0.275,0.011886660774610626
pragmatic_unlifted,uniform,8356,0.325,0.03513777626301053
pragmatic_unlifted,uniform,8356,0.375,0.04427895593775237
pragmatic_unlifted,uniform,8356,0.425,0.031507011954452935
pragmatic_unlifted,uniform,8356,0.475,0.11787215505275106
pragmatic_unlifted,uniform,8356,0.525,0.06685809375344857
pragmatic_unlifted,uniform,8356,0.575,0.12545112418532497
pragmatic_unlifted,uniform,8356,0.625,0.06025833050630196
pragmatic_unlifted,uniform,8356,0.675,0.06981125237495306
pragmatic_unlifted,uniform,8356,0.725,0.07114158003696426
pragmatic_unlifted,uniform,8356,0.775,0.13091802063472627
pragmatic_unlifted,uniform,8356,0.825,0.06793123000784637
pragmatic_unlifted,uniform,8356,0.875,0.037712658685902
pragmatic_unlifted,uniform,8356,0.925,0.06965154568652934
pragmatic_unlifted,uniform,8356,0.975,0.04545960876248538
fixed_0.05,uniform,8356,0.075,0.028069093152375078
fixed_0.05,uniform,8356,0.125,0.08410446226609089
fixed_0.05,uniform,8356,0.175,0.0233395023647954
fixed_0.05,uniform,8356,0.225,0.03269586674892042
fixed_0.05,uniform,8356,0.275,0.042052231133045445
fixed_0.05,uniform,8356,0.325,0.08883405305367056
fixed_0.05,uniform,8356,0.375,0.08410446226609089
fixed_0.05,uniform,8356,0.425,0.0466790047295908
fixed_0.05,uniform,8356,0.475,0.14024264857084107
fixed_0.05,uniform,8356,0.525,0.06539173349784085
fixed_0.05,uniform,8356,0.575,0.10281719103434095
fixed_0.05,uniform,8356,0.625,0.042052231133045445
fixed_0.05,uniform,8356,0.675,0.042052231133045445
fixed_0.05,uniform,8356,0.725,0.03742545753650011
fixed_0.05,uniform,8356,0.775,0.06076495990129548
fixed_0.05,uniform,8356,0.825,0.028069093152375078
fixed_0.05,uniform,8356,0.875,0.013983137980670366
fixed_0.05,uniform,8356,0.925,0.0233395023647954
fixed_0.05,uniform,8356,0.975,0.013983137980670366
fixed_0.1,uniform,8356,0.125,0.0865333756479425
fixed_0.1,uniform,8356,0.175,0.02401354067491803
fixed_0.1,uniform,8356,0.225,0.03364011424944464
fixed_0.1,uniform,8356,0.275,0.043266687823971244
fixed_0.1,uniform,8356,0.325,0.0913995556966043
fixed_0.1,uniform,8356,0.375,0.0865333756479425
fixed_0.1,uniform,8356,0.425,0.04802708134983607
fixed_0.1,uniform,8356,0.475,0.14429281709510214
fixed_0.1,uniform,8356,0.525,0.06728022849888929
fixed_0.1,uniform,8356,0.575,0.10578652279699573
fixed_0.1,uniform,8356,0.625,0.043266687823971244
fixed_0.1,uniform,8356,0.675,0.043266687823971244
fixed_0.1,uniform,8356,0.725,0.03850629429810645
fixed_0.1,uniform,8356,0.775,0.06251983497302445
fixed_0.1,uniform,8356,0.825,0.02887972072357983
fixed_0.1,uniform,8356,0.875,0.01438696710039141
fixed_0.1,uniform,8356,0.925,0.02401354067491803
fixed_0.1,uniform,8356,0.975,0.01438696710039141
fixed_0.3,uniform,8356,0.325,0.11248535346960031
fixed_0.3,uniform,8356,0.375,0.10649654992839473
fixed_0.3,uniform,8356,0.425,0.0591068871240724
fixed_0.3,uniform,8356,0.475,0.17758104413487819
fixed_0.3,uniform,8356,0.525,0.08280171852623357
fixed_0.3,uniform,8356,0.575,0.13019138133055594
fixed_0.3,uniform,8356,0.625,0.053248274964197366
fixed_0.3,uniform,8356,0.675,0.053248274964197366
fixed_0.3,uniform,8356,0.725,0.047389662804322365
fixed_0.3,uniform,8356,0.775,0.07694310636635852
fixed_0.3,uniform,8356,0.825,0.03554224710324176
fixed_0.3,uniform,8356,0.875,0.0177060278609556
fixed_0.3,uniform,8356,0.925,0.029553443562036198
fixed_0.3,uniform,8356,0.975,0.0177060278609556
prior,weak_or_deterministic,8356,0.975,0.22265546890621876
prior,weak_or_deterministic,8356,0.925,0.0590881823635273
prior,weak_or_deterministic,8356,0.875,0.027294541091781654
prior,weak_or_deterministic,8356,0.825,0.040891821635672856
prior,weak_or_deterministic,8356,0.775,0.05458908218356329
prior,weak_or_deterministic,8356,0.725,0.0635872825434913
prior,weak_or_deterministic,8356,0.675,0.01819636072785443
prior,weak_or_deterministic,8356,0.625,0.01819636072785443
prior,weak_or_deterministic,8356,0.575,0.004599080183963209
prior,weak_or_deterministic,8356,0.525,0.004599080183963209
prior,weak_or_deterministic,8356,0.475,0.02269546090781844
prior,weak_or_deterministic,8356,0.425,0.03179364127174565
prior,weak_or_deterministic,8356,0.375,0.02269546090781844
prior,weak_or_deterministic,8356,0.325,0.01819636072785443
prior,weak_or_deterministic,8356,0.275,0.049990001999600076
prior,weak_or_deterministic,8356,0.225,0.08638272345530892
prior,weak_or_deterministic,8356,0.175,0.1317736452709458
prior,weak_or_deterministic,8356,0.125,0.10457908418316335
prior,weak_or_deterministic,8356,0.075,0.013597280543891218
prior,weak_or_deterministic,8356,0.025,0.004599080183963209
literal,weak_or_deterministic,8356,0.025,0.00020921510678611918
literal,weak_or_deterministic,8356,0.075,0.0017319372318294393
literal,weak_or_deterministic,8356,0.125,0.022835374090255378
literal,weak_or_deterministic,8356,0.175,0.040762379849128574
literal,weak_or_deterministic,8356,0.225,0.03458052825904831
literal,weak_or_deterministic,8356,0.275,0.02456003427489225
literal,weak_or_deterministic,8356,0.325,0.010595380712368341
literal,weak_or_deterministic,8356,0.375,0.015279979842579281
literal,weak_or_deterministic,8356,0.425,0.024298060575960047
literal,weak_or_deterministic,8356,0.475,0.019409704124357448
literal,weak_or_deterministic,8356,0.525,0.004351674221151281
literal,weak_or_deterministic,8356,0.575,0.0047701044347235174
literal,weak_or_deterministic,8356,0.625,0.020528550130213666
literal,weak_or_deterministic,8356,0.675,0.022184078366521226
literal,weak_or_deterministic,8356,0.725,0.0833076362604346
literal,weak_or_deterministic,8356,0.775,0.07648540451740894
literal,weak_or_deterministic,8356,0.825,0.06101440218602491
literal,weak_or_deterministic,8356,0.875,0.04320928696762713
literal,weak_or_deterministic,8356,0.925,0.09891690248847722
literal,weak_or_deterministic,8356,0.975,0.3909693663602122
pragmatic_unlifted,weak_or_deterministic,8356,0.025,0.000007352447059272241
pragmatic_unlifted,weak_or_deterministic,8356,0.075,0.00017035744590375418
pragmatic_unlifted,weak_or_deterministic,8356,0.125,0.003847223117342058
pragmatic_unlifted,weak_or_deterministic,8356,0.175,0.009716231425840955
pragmatic_unlifted,weak_or_deterministic,8356,0.225,0.010648298205901897
pragmatic_unlifted,weak_or_deterministic,8356,0.275,0.009261072144931942
pragmatic_unlifted,weak_or_deterministic,8356,0.325,0.004722643094946071
pragmatic_unlifted,weak_or_deterministic,8356,0.375,0.00785058602724607
pragmatic_unlifted,weak_or_deterministic,8356,0.425,0.01412108869845404
pragmatic_unlifted,weak_or_deterministic,8356,0.475,0.012573219244815952
pragmatic_unlifted,weak_or_deterministic,8356,0.525,0.0031051803676877283
pragmatic_unlifted,weak_or_deterministic,8356,0.575,0.003713168577255534
pragmatic_unlifted,weak_or_deterministic,8356,0.625,0.01729126525907698
pragmatic_unlifted,weak_or_deterministic,8356,0.675,0.020079403548252744
pragmatic_unlifted,weak_or_deterministic,8356,0.725,0.0805444639862478
pragmatic_unlifted,weak_or_deterministic,8356,0.775,0.07857793781184826
pragmatic_unlifted,weak_or_deterministic,8356,0.825,0.06630145181705295
pragmatic_unlifted,weak_or_deterministic,8356,0.875,0.04946007057766233
pragmatic_unlifted,weak_or_deterministic,8356,0.925,0.11883325230213775
pragmatic_unlifted,weak_or_deterministic,8356,0.975,0.48917573390033575
fixed_0.05,weak_or_deterministic,8356,0.075,0.013660104459622336
fixed_0.05,weak_or_deterministic,8356,0.125,0.10506227400562473
fixed_0.05,weak_or_deterministic,8356,0.175,0.13238248292486937
fixed_0.05,weak_or_deterministic,8356,0.225,0.08678184009642427
fixed_0.05,weak_or_deterministic,8356,0.275,0.0502209722780233
fixed_0.05,weak_or_deterministic,8356,0.325,0.018280433909200484
fixed_0.05,weak_or_deterministic,8356,0.375,0.022800321414222575
fixed_0.05,weak_or_deterministic,8356,0.425,0.03194053836882281
fixed_0.05,weak_or_deterministic,8356,0.475,0.022800321414222575
fixed_0.05,weak_or_deterministic,8356,0.525,0.004620329449578146
fixed_0.05,weak_or_deterministic,8356,0.575,0.004620329449578146
fixed_0.05,weak_or_deterministic,8356,0.625,0.018280433909200484
fixed_0.05,weak_or_deterministic,8356,0.675,0.018280433909200484
fixed_0.05,weak_or_deterministic,8356,0.725,0.06388107673764562
fixed_0.05,weak_or_deterministic,8356,0.775,0.054841301727601426
fixed_0.05,weak_or_deterministic,8356,0.825,0.041080755323423056
fixed_0.05,weak_or_deterministic,8356,0.875,0.027420650863800734
fixed_0.05,weak_or_deterministic,8356,0.925,0.05936118923262353
fixed_0.05,weak_or_deterministic,8356,0.975,0.22368421052631576
fixed_0.1,weak_or_deterministic,8356,0.125,0.10651731160896129
fixed_0.1,weak_or_deterministic,8356,0.175,0.13421588594704684
fixed_0.1,weak_or_deterministic,8356,0.225,0.08798370672097759
fixed_0.1,weak_or_deterministic,8356,0.275,0.05091649694501019
fixed_0.1,weak_or_deterministic,8356,0.325,0.01853360488798371
fixed_0.1,weak_or_deterministic,8356,0.375,0.02311608961303463
fixed_0.1,weak_or_deterministic,8356,0.425,0.03238289205702648
fixed_0.1,weak_or_deterministic,8356,0.475,0.02311608961303463
fixed_0.1,weak_or_deterministic,8356,0.525,0.004684317718940941
fixed_0.1,weak_or_deterministic,8356,0.575,0.004684317718940941
fixed_0.1,weak_or_deterministic,8356,0.625,0.01853360488798371
fixed_0.1,weak_or_deterministic,8356,0.675,0.01853360488798371
fixed_0.1,weak_or_deterministic,8356,0.725,0.06476578411405295
fixed_0.1,weak_or_deterministic,8356,0.775,0.05560081466395112
fixed_0.1,weak_or_deterministic,8356,0.825,0.041649694501018325
fixed_0.1,weak_or_deterministic,8356,0.875,0.02780040733197557
fixed_0.1,weak_or_deterministic,8356,0.925,0.06018329938900205
fixed_0.1,weak_or_deterministic,8356,0.975,0.22678207739307538
fixed_0.3,weak_or_deterministic,8356,0.325,0.02987524622455679
fixed_0.3,weak_or_deterministic,8356,0.375,0.03726198292843072
fixed_0.3,weak_or_deterministic,8356,0.425,0.05219960604070911
fixed_0.3,weak_or_deterministic,8356,0.475,0.03726198292843072
fixed_0.3,weak_or_deterministic,8356,0.525,0.007550886408404469
fixed_0.3,weak_or_deterministic,8356,0.575,0.007550886408404469
fixed_0.3,weak_or_deterministic,8356,0.625,0.02987524622455679
fixed_0.3,weak_or_deterministic,8356,0.675,0.02987524622455679
fixed_0.3,weak_or_deterministic,8356,0.725,0.10439921208141822
fixed_0.3,weak_or_deterministic,8356,0.775,0.08962573867367035
fixed_0.3,weak_or_deterministic,8356,0.825,0.06713722915298749
fixed_0.3,weak_or_deterministic,8356,0.875,0.04481286933683519
fixed_0.3,weak_or_deterministic,8356,0.925,0.09701247537754432
fixed_0.3,weak_or_deterministic,8356,0.975,0.3655613919894944
prior,weak_or_half,8356,0.975,0.004598620413875837
prior,weak_or_half,8356,0.925,0.009097270818754378
prior,weak_or_half,8356,0.875,0.004598620413875837
prior,weak_or_half,8356,0.825,0.004598620413875837
prior,weak_or_half,8356,0.775,0.018194541637508756
prior,weak_or_half,8356,0.725,0.013595921223632913
prior,weak_or_half,8356,0.675,0.004598620413875837
prior,weak_or_half,8356,0.625,0.013595921223632913
prior,weak_or_half,8356,0.575,0.018194541637508756
prior,weak_or_half,8356,0.525,0.049985004498650405
prior,weak_or_half,8356,0.475,0.1635509347195841
prior,weak_or_half,8356,0.425,0.09997000899730081
prior,weak_or_half,8356,0.375,0.10456862941117663
prior,weak_or_half,8356,0.325,0.06358092572228331
prior,weak_or_half,8356,0.275,0.11816455063480959
prior,weak_or_half,8356,0.225,0.13635909227231827
prior,weak_or_half,8356,0.175,0.11356593022093375
prior,weak_or_half,8356,0.125,0.027291812456263116
prior,weak_or_half,8356,0.075,0.004598620413875837
prior,weak_or_half,8356,0.025,0.027291812456263116
literal,weak_or_half,8356,0.025,0.0019185387059913205
literal,weak_or_half,8356,0.075,0.0009051567228266737
literal,weak_or_half,8356,0.125,0.009208985788758343
literal,weak_or_half,8356,0.175,0.054286915003815994
literal,weak_or_half,8356,0.225,0.0843538600577107
literal,weak_or_half,8356,0.275,0.0897117132058711
literal,weak_or_half,8356,0.325,0.057210402555802724
literal,weak_or_half,8356,0.375,0.10879309157403093
literal,weak_or_half,8356,0.425,0.11806392036869663
literal,weak_or_half,8356,0.475,0.2161469277378529
literal,weak_or_half,8356,0.525,0.07308718879966941
literal,weak_or_half,8356,0.575,0.029161788331068122
literal,weak_or_half,8356,0.625,0.023702737536877416
literal,weak_or_half,8356,0.675,0.008663642918483896
literal,weak_or_half,8356,0.725,0.027525759720244736
literal,weak_or_half,8356,0.775,0.039393994763021856
literal,weak_or_half,8356,0.825,0.010603264467398206
literal,weak_or_half,8356,0.875,0.011249804983702972
literal,weak_or_half,8356,0.925,0.023534074793493592
literal,weak_or_half,8356,0.975,0.012478231964682021
pragmatic_unlifted,weak_or_half,8356,0.025,0.00011592845218510554
pragmatic_unlifted,weak_or_half,8356,0.075,0.0001530031669827296
pragmatic_unlifted,weak_or_half,8356,0.125,0.002663067412701738
pragmatic_unlifted,weak_or_half,8356,0.175,0.022170682327365045
pragmatic_unlifted,weak_or_half,8356,0.225,0.044396442282995774
pragmatic_unlifted,weak_or_half,8356,0.275,0.05764537177665253
pragmatic_unlifted,weak_or_half,8356,0.325,0.043297227841090316
pragmatic_unlifted,weak_or_half,8356,0.375,0.0945110799173727
pragmatic_unlifted,weak_or_half,8356,0.425,0.11546792684613
pragmatic_unlifted,weak_or_half,8356,0.475,0.23438960978952117
pragmatic_unlifted,weak_or_half,8356,0.525,0.08680119273639911
pragmatic_unlifted,weak_or_half,8356,0.575,0.03754615939765047
pragmatic_unlifted,weak_or_half,8356,0.625,0.0328005651778681
pragmatic_unlifted,weak_or_half,8356,0.675,0.012791292052954841
pragmatic_unlifted,weak_or_half,8356,0.725,0.04308308728593956
pragmatic_unlifted,weak_or_half,8356,0.775,0.06500021917740949
pragmatic_unlifted,weak_or_half,8356,0.825,0.018352075409665332
pragmatic_unlifted,weak_or_half,8356,0.875,0.020334240373872735
pragmatic_unlifted,weak_or_half,8356,0.925,0.044247706871012635
pragmatic_unlifted,weak_or_half,8356,0.975,0.024233121704230524
fixed_0.05,weak_or_half,8356,0.075,0.004727646454265159
fixed_0.05,weak_or_half,8356,0.125,0.02805755395683453
fixed_0.05,weak_or_half,8356,0.175,0.11675231243576571
fixed_0.05,weak_or_half,8356,0.225,0.14018499486125383
fixed_0.05,weak_or_half,8356,0.275,0.12147995889003087
fixed_0.05,weak_or_half,8356,0.325,0.06536485097636177
fixed_0.05,weak_or_half,8356,0.375,0.10750256937307295
fixed_0.05,weak_or_half,8356,0.425,0.10277492291880783
fixed_0.05,weak_or_half,8356,0.475,0.1681397738951696
fixed_0.05,weak_or_half,8356,0.525,0.051387461459403906
fixed_0.05,weak_or_half,8356,0.575,0.018705035971223034
fixed_0.05,weak_or_half,8356,0.625,0.013977389516957865
fixed_0.05,weak_or_half,8356,0.675,0.004727646454265159
fixed_0.05,weak_or_half,8356,0.725,0.013977389516957865
fixed_0.05,weak_or_half,8356,0.775,0.018705035971223034
fixed_0.05,weak_or_half,8356,0.825,0.004727646454265159
fixed_0.05,weak_or_half,8356,0.875,0.004727646454265159
fixed_0.05,weak_or_half,8356,0.925,0.009352517985611515
fixed_0.05,weak_or_half,8356,0.975,0.004727646454265159
fixed_0.1,weak_or_half,8356,0.125,0.028190830235439904
fixed_0.1,weak_or_half,8356,0.175,0.11730689797604302
fixed_0.1,weak_or_half,8356,0.225,0.14085088806278398
fixed_0.1,weak_or_half,8356,0.275,0.12205700123915744
fixed_0.1,weak_or_half,8356,0.325,0.06567534076827759
fixed_0.1,weak_or_half,8356,0.375,0.10801321767864519
fixed_0.1,weak_or_half,8356,0.425,0.10326311441553081
fixed_0.1,weak_or_half,8356,0.475,0.16893845518380834
fixed_0.1,weak_or_half,8356,0.525,0.0516315572077654
fixed_0.1,weak_or_half,8356,0.575,0.018793886823626614
fixed_0.1,weak_or_half,8356,0.625,0.014043783560512191
fixed_0.1,weak_or_half,8356,0.675,0.004750103263114417
fixed_0.1,weak_or_half,8356,0.725,0.014043783560512191
fixed_0.1,weak_or_half,8356,0.775,0.018793886823626614
fixed_0.1,weak_or_half,8356,0.825,0.004750103263114417
fixed_0.1,weak_or_half,8356,0.875,0.004750103263114417
fixed_0.1,weak_or_half,8356,0.925,0.009396943411813307
fixed_0.1,weak_or_half,8356,0.975,0.004750103263114417
fixed_0.3,weak_or_half,8356,0.325,0.11101413859312269
fixed_0.3,weak_or_half,8356,0.375,0.18257985686856337
fixed_0.3,weak_or_half,8356,0.425,0.1745505323791237
fixed_0.3,weak_or_half,8356,0.475,0.28556467097224636
fixed_0.3,weak_or_half,8356,0.525,0.08727526618956186
fixed_0.3,weak_or_half,8356,0.575,0.03176819689300053
fixed_0.3,weak_or_half,8356,0.625,0.02373887240356083
fixed_0.3,weak_or_half,8356,0.675,0.008029324489439688
fixed_0.3,weak_or_half,8356,0.725,0.02373887240356083
fixed_0.3,weak_or_half,8356,0.775,0.03176819689300053
fixed_0.3,weak_or_half,8356,0.825,0.008029324489439688
fixed_0.3,weak_or_half,8356,0.875,0.008029324489439688
fixed_0.3,weak_or_half,8356,0.925,0.015884098446500274
fixed_0.3,weak_or_half,8356,0.975,0.008029324489439688
prior,weak_or_strong,8356,0.975,0.004599540045995401
prior,weak_or_strong,8356,0.925,0.004599540045995401
prior,weak_or_strong,8356,0.875,0.004599540045995401
prior,weak_or_strong,8356,0.825,0.04999500049995001
prior,weak_or_strong,8356,0.775,0.05909409059094092
prior,weak_or_strong,8356,0.725,0.0908909109089091
prior,weak_or_strong,8356,0.675,0.07269273072692733
prior,weak_or_strong,8356,0.625,0.04999500049995001
prior,weak_or_strong,8356,0.575,0.0181981801819818
prior,weak_or_strong,8356,0.525,0.013598640135986394
prior,weak_or_strong,8356,0.475,0.04999500049995001
prior,weak_or_strong,8356,0.425,0.06819318068193182
prior,weak_or_strong,8356,0.375,0.04999500049995001
prior,weak_or_strong,8356,0.325,0.05459454054594541
prior,weak_or_strong,8356,0.275,0.04539546045395462
prior,weak_or_strong,8356,0.225,0.17268273172682733
prior,weak_or_strong,8356,0.175,0.08179182081791822
prior,weak_or_strong,8356,0.125,0.0908909109089091
prior,weak_or_strong,8356,0.075,0.004599540045995401
prior,weak_or_strong,8356,0.025,0.013598640135986394
literal,weak_or_strong,8356,0.025,0.0007988215033350788
literal,weak_or_strong,8356,0.075,0.0007565309531585157
literal,weak_or_strong,8356,0.125,0.0256280734069972
literal,weak_or_strong,8356,0.175,0.03267179948640473
literal,weak_or_strong,8356,0.225,0.08926595352268529
literal,weak_or_strong,8356,0.275,0.028799864670239424
literal,weak_or_strong,8356,0.325,0.04105002737138386
literal,weak_or_strong,8356,0.375,0.04346528768146757
literal,weak_or_strong,8356,0.425,0.06729836218097064
literal,weak_or_strong,8356,0.475,0.055212662730512826
literal,weak_or_strong,8356,0.525,0.016615487269369664
literal,weak_or_strong,8356,0.575,0.024373453751759172
literal,weak_or_strong,8356,0.625,0.07283372530408086
literal,weak_or_strong,8356,0.675,0.11444057825278948
literal,weak_or_strong,8356,0.725,0.15376844044198332
literal,weak_or_strong,8356,0.775,0.10691755927138084
literal,weak_or_strong,8356,0.825,0.09632847540217135
literal,weak_or_strong,8356,0.875,0.009402598989255861
literal,weak_or_strong,8356,0.925,0.009942978241511947
literal,weak_or_strong,8356,0.975,0.01042931956854241
pragmatic_unlifted,weak_or_strong,8356,0.025,0.00003785667370121828
pragmatic_unlifted,weak_or_strong,8356,0.075,0.00010032229764711056
pragmatic_unlifted,weak_or_strong,8356,0.125,0.005817661238574407
pragmatic_unlifted,weak_or_strong,8356,0.175,0.010483982769506784
pragmatic_unlifted,weak_or_strong,8356,0.225,0.03696091199288279
pragmatic_unlifted,weak_or_strong,8356,0.275,0.014581350536640218
pragmatic_unlifted,weak_or_strong,8356,0.325,0.02452445938516408
pragmatic_unlifted,weak_or_strong,8356,0.375,0.02987170675016246
pragmatic_unlifted,weak_or_strong,8356,0.425,0.052196497848906204
pragmatic_unlifted,weak_or_strong,8356,0.475,0.04760948143257129
pragmatic_unlifted,weak_or_strong,8356,0.525,0.015737876020572576
pragmatic_unlifted,weak_or_strong,8356,0.575,0.025107552716325657
pragmatic_unlifted,weak_or_strong,8356,0.625,0.08091636534975515
pragmatic_unlifted,weak_or_strong,8356,0.675,0.1361416609950002
pragmatic_unlifted,weak_or_strong,8356,0.725,0.19466688970832285
pragmatic_unlifted,weak_or_strong,8356,0.775,0.14326120688392036
pragmatic_unlifted,weak_or_strong,8356,0.825,0.1359573054071065
pragmatic_unlifted,weak_or_strong,8356,0.875,0.01391886184599914
pragmatic_unlifted,weak_or_strong,8356,0.925,0.015378348003596625
pragmatic_unlifted,weak_or_strong,8356,0.975,0.016729702143643634
fixed_0.05,weak_or_strong,8356,0.075,0.004662949822605169
fixed_0.05,weak_or_strong,8356,0.125,0.09214394323365432
fixed_0.05,weak_or_strong,8356,0.175,0.08291941206284845
fixed_0.05,weak_or_strong,8356,0.225,0.17506335529650272
fixed_0.05,weak_or_strong,8356,0.275,0.046021287379624944
fixed_0.05,weak_or_strong,8356,0.325,0.05534718702483527
fixed_0.05,weak_or_strong,8356,0.375,0.05068423720223011
fixed_0.05,weak_or_strong,8356,0.425,0.06913329954384187
fixed_0.05,weak_or_strong,8356,0.475,0.05068423720223011
fixed_0.05,weak_or_strong,8356,0.525,0.01378611251900658
fixed_0.05,weak_or_strong,8356,0.575,0.01844906234161175
fixed_0.05,weak_or_strong,8356,0.625,0.05068423720223011
fixed_0.05,weak_or_strong,8356,0.675,0.07369488089204258
fixed_0.05,weak_or_strong,8356,0.725,0.09214394323365432
fixed_0.05,weak_or_strong,8356,0.775,0.05990876837303599
fixed_0.05,weak_or_strong,8356,0.825,0.05068423720223011
fixed_0.05,weak_or_strong,8356,0.875,0.004662949822605169
fixed_0.05,weak_or_strong,8356,0.925,0.004662949822605169
fixed_0.05,weak_or_strong,8356,0.975,0.004662949822605169
fixed_0.1,weak_or_strong,8356,0.125,0.09257561869844175
fixed_0.1,weak_or_strong,8356,0.175,0.08330787249210711
fixed_0.1,weak_or_strong,8356,0.225,0.17588349119054886
fixed_0.1,weak_or_strong,8356,0.275,0.046236887666768506
fixed_0.1,weak_or_strong,8356,0.325,0.05560647723800793
fixed_0.1,weak_or_strong,8356,0.375,0.05092168245238821
fixed_0.1,weak_or_strong,8356,0.425,0.06945717486505754
fixed_0.1,weak_or_strong,8356,0.475,0.05092168245238821
fixed_0.1,weak_or_strong,8356,0.525,0.013850697627049584
fixed_0.1,weak_or_strong,8356,0.575,0.018535492412669302
fixed_0.1,weak_or_strong,8356,0.625,0.05092168245238821
fixed_0.1,weak_or_strong,8356,0.675,0.07404012628577247
fixed_0.1,weak_or_strong,8356,0.725,0.09257561869844175
fixed_0.1,weak_or_strong,8356,0.775,0.06018942865872288
fixed_0.1,weak_or_strong,8356,0.825,0.05092168245238821
fixed_0.1,weak_or_strong,8356,0.875,0.004684794785619715
fixed_0.1,weak_or_strong,8356,0.925,0.004684794785619715
fixed_0.1,weak_or_strong,8356,0.975,0.004684794785619715
fixed_0.3,weak_or_strong,8356,0.325,0.0923701573337845
fixed_0.3,weak_or_strong,8356,0.375,0.08458805616646932
fixed_0.3,weak_or_strong,8356,0.425,0.11537810861106416
fixed_0.3,weak_or_strong,8356,0.475,0.08458805616646932
fixed_0.3,weak_or_strong,8356,0.525,0.02300795127727964
fixed_0.3,weak_or_strong,8356,0.575,0.03079005244459482
fixed_0.3,weak_or_strong,8356,0.625,0.08458805616646932
fixed_0.3,weak_or_strong,8356,0.675,0.12299103366604641
fixed_0.3,weak_or_strong,8356,0.725,0.1537810861106412
fixed_0.3,weak_or_strong,8356,0.775,0.09998308238876676
fixed_0.3,weak_or_strong,8356,0.825,0.08458805616646932
fixed_0.3,weak_or_strong,8356,0.875,0.0077821011673151735
fixed_0.3,weak_or_strong,8356,0.925,0.0077821011673151735
fixed_0.3,weak_or_strong,8356,0.975,0.0077821011673151735
prior,half_or_deterministic,8357,0.975,0.2135999999999999
prior,half_or_deterministic,8357,0.925,0.11819999999999994
prior,half_or_deterministic,8357,0.875,0.06359999999999999
prior,half_or_deterministic,8357,0.825,0.045399999999999975
prior,half_or_deterministic,8357,0.775,0.022699999999999998
prior,half_or_deterministic,8357,0.725,0.02729999999999999
prior,half_or_deterministic,8357,0.675,0.02729999999999999
prior,half_or_deterministic,8357,0.625,0.022699999999999998
prior,half_or_deterministic,8357,0.575,0.03179999999999999
prior,half_or_deterministic,8357,0.525,0.04999999999999999
prior,half_or_deterministic,8357,0.475,0.24089999999999992
prior,half_or_deterministic,8357,0.425,0.04089999999999998
prior,half_or_deterministic,8357,0.375,0.009099999999999997
prior,half_or_deterministic,8357,0.325,0.013600000000000004
prior,half_or_deterministic,8357,0.275,0.018199999999999997
prior,half_or_deterministic,8357,0.225,0.013600000000000004
prior,half_or_deterministic,8357,0.175,0.004600000000000001
prior,half_or_deterministic,8357,0.125,0.004600000000000001
prior,half_or_deterministic,8357,0.075,0.004600000000000001
prior,half_or_deterministic,8357,0.025,0.02729999999999999
literal,half_or_deterministic,8357,0.025,0.0010195415872133794
literal,half_or_deterministic,8357,0.075,0.0004810144924288765
literal,half_or_deterministic,8357,0.125,0.0008245962727352171
literal,half_or_deterministic,8357,0.175,0.001168178053041558
literal,half_or_deterministic,8357,0.225,0.004469550811637268
literal,half_or_deterministic,8357,0.275,0.0073406994279363365
literal,half_or_deterministic,8357,0.325,0.006501164816926936
literal,half_or_deterministic,8357,0.375,0.005029738496919343
literal,half_or_deterministic,8357,0.425,0.025661077487401353
literal,half_or_deterministic,8357,0.475,0.16913634744184683
literal,half_or_deterministic,8357,0.525,0.03883967951289067
literal,half_or_deterministic,8357,0.575,0.02707723195579447
literal,half_or_deterministic,8357,0.625,0.021024217287093222
literal,half_or_deterministic,8357,0.675,0.02732371453731859
literal,half_or_deterministic,8357,0.725,0.02936279771174535
literal,half_or_deterministic,8357,0.775,0.02611072146945447
literal,half_or_deterministic,8357,0.825,0.055612445727149726
literal,half_or_deterministic,8357,0.875,0.08265681333874104
literal,half_or_deterministic,8357,0.925,0.16244546572883778
literal,half_or_deterministic,8357,0.975,0.3079150038428878
pragmatic_unlifted,half_or_deterministic,8357,0.025,0.000034554111478539976
pragmatic_unlifted,half_or_deterministic,8357,0.075,0.00004563497233835191
pragmatic_unlifted,half_or_deterministic,8357,0.125,0.00013403332314501754
pragmatic_unlifted,half_or_deterministic,8357,0.175,0.0002687600249196479
pragmatic_unlifted,half_or_deterministic,8357,0.225,0.0013291625903389828
pragmatic_unlifted,half_or_deterministic,8357,0.275,0.002675139104966943
pragmatic_unlifted,half_or_deterministic,8357,0.325,0.0028029108952459325
pragmatic_unlifted,half_or_deterministic,8357,0.375,0.002502120960103175
pragmatic_unlifted,half_or_deterministic,8357,0.425,0.014456037267664921
pragmatic_unlifted,half_or_deterministic,8357,0.475,0.10633974111795645
pragmatic_unlifted,half_or_deterministic,8357,0.525,0.02693694407432844
pragmatic_unlifted,half_or_deterministic,8357,0.575,0.02051780947910993
pragmatic_unlifted,half_or_deterministic,8357,0.625,0.01726716930036064
pragmatic_unlifted,half_or_deterministic,8357,0.675,0.024157860852739802
pragmatic_unlifted,half_or_deterministic,8357,0.725,0.02778345003752262
pragmatic_unlifted,half_or_deterministic,8357,0.775,0.026306173378666697
pragmatic_unlifted,half_or_deterministic,8357,0.825,0.05938912202417914
pragmatic_unlifted,half_or_deterministic,8357,0.875,0.09319117363435797
pragmatic_unlifted,half_or_deterministic,8357,0.925,0.1926693867267825
pragmatic_unlifted,half_or_deterministic,8357,0.975,0.3811928161237943
fixed_0.05,half_or_deterministic,8357,0.075,0.004729104554333303
fixed_0.05,half_or_deterministic,8357,0.125,0.004729104554333303
fixed_0.05,half_or_deterministic,8357,0.175,0.004729104554333303
fixed_0.05,half_or_deterministic,8357,0.225,0.013981700421507159
fixed_0.05,half_or_deterministic,8357,0.275,0.018710804975840444
fixed_0.05,half_or_deterministic,8357,0.325,0.013981700421507159
fixed_0.05,half_or_deterministic,8357,0.375,0.009355402487920226
fixed_0.05,half_or_deterministic,8357,0.425,0.0420479078852678
fixed_0.05,half_or_deterministic,8357,0.475,0.24766114937801997
fixed_0.05,half_or_deterministic,8357,0.525,0.05140331037318803
fixed_0.05,half_or_deterministic,8357,0.575,0.03269250539734759
fixed_0.05,half_or_deterministic,8357,0.625,0.02333710290942737
fixed_0.05,half_or_deterministic,8357,0.675,0.02806620746376066
fixed_0.05,half_or_deterministic,8357,0.725,0.02806620746376066
fixed_0.05,half_or_deterministic,8357,0.775,0.02333710290942737
fixed_0.05,half_or_deterministic,8357,0.825,0.04667420581885472
fixed_0.05,half_or_deterministic,8357,0.875,0.06538501079469518
fixed_0.05,half_or_deterministic,8357,0.925,0.12151742572221648
fixed_0.05,half_or_deterministic,8357,0.975,0.2195949419142592
fixed_0.1,half_or_deterministic,8357,0.125,0.0047515752504906535
fixed_0.1,half_or_deterministic,8357,0.175,0.0047515752504906535
fixed_0.1,half_or_deterministic,8357,0.225,0.014048135523189762
fixed_0.1,half_or_deterministic,8357,0.275,0.01879971077368041
fixed_0.1,half_or_deterministic,8357,0.325,0.014048135523189762
fixed_0.1,half_or_deterministic,8357,0.375,0.009399855386840203
fixed_0.1,half_or_deterministic,8357,0.425,0.04224770168371036
fixed_0.1,half_or_deterministic,8357,0.475,0.24883792996591259
fixed_0.1,half_or_deterministic,8357,0.525,0.05164755707055056
fixed_0.1,half_or_deterministic,8357,0.575,0.03284784629687016
fixed_0.1,half_or_deterministic,8357,0.625,0.02344799091002996
fixed_0.1,half_or_deterministic,8357,0.675,0.028199566160520606
fixed_0.1,half_or_deterministic,8357,0.725,0.028199566160520606
fixed_0.1,half_or_deterministic,8357,0.775,0.02344799091002996
fixed_0.1,half_or_deterministic,8357,0.825,0.0468959818200599
fixed_0.1,half_or_deterministic,8357,0.875,0.06569569259374032
fixed_0.1,half_or_deterministic,8357,0.925,0.12209482491478152
fixed_0.1,half_or_deterministic,8357,0.975,0.22063836380539198
fixed_0.3,half_or_deterministic,8357,0.325,0.014669399201812112
fixed_0.3,half_or_deterministic,8357,0.375,0.009815553877683098
fixed_0.3,half_or_deterministic,8357,0.425,0.04411606083486139
fixed_0.3,half_or_deterministic,8357,0.475,0.25984251968503935
fixed_0.3,half_or_deterministic,8357,0.525,0.05393161471254449
fixed_0.3,half_or_deterministic,8357,0.575,0.034300506957178296
fixed_0.3,half_or_deterministic,8357,0.625,0.024484953079495202
fixed_0.3,half_or_deterministic,8357,0.675,0.02944666163304929
fixed_0.3,half_or_deterministic,8357,0.725,0.02944666163304929
fixed_0.3,half_or_deterministic,8357,0.775,0.024484953079495202
fixed_0.3,half_or_deterministic,8357,0.825,0.048969906158990384
fixed_0.3,half_or_deterministic,8357,0.875,0.06860101391435659
fixed_0.3,half_or_deterministic,8357,0.925,0.12749433718045516
fixed_0.3,half_or_deterministic,8357,0.975,0.23039585805199003
prior,rare_deterministic,8357,0.975,0.27264547090581875
prior,rare_deterministic,8357,0.925,0.05908818236352728
prior,rare_deterministic,8357,0.875,0.03179364127174564
prior,rare_deterministic,8357,0.825,0.004599080183963209
prior,rare_deterministic,8357,0.775,0.009098180363927216
prior,rare_deterministic,8357,0.725,0.01819636072785443
prior,rare_deterministic,8357,0.675,0.01819636072785443
prior,rare_deterministic,8357,0.625,0.013597280543891218
prior,rare_deterministic,8357,0.575,0.009098180363927216
prior,rare_deterministic,8357,0.525,0.04089182163567284
prior,rare_deterministic,8357,0.475,0.0953809238152369
prior,rare_deterministic,8357,0.425,0.004599080183963209
prior,rare_deterministic,8357,0.375,0.03639272145570885
prior,rare_deterministic,8357,0.325,0.009098180363927216
prior,rare_deterministic,8357,0.275,0.013597280543891218
prior,rare_deterministic,8357,0.225,0.004599080183963209
prior,rare_deterministic,8357,0.175,0.009098180363927216
prior,rare_deterministic,8357,0.125,0.004599080183963209
prior,rare_deterministic,8357,0.075,0.06818636272745449
prior,rare_deterministic,8357,0.025,0.2772445510897819
literal,rare_deterministic,8357,0.025,0.01392635954013382
literal,rare_deterministic,8357,0.075,0.00959025466204095
literal,rare_deterministic,8357,0.125,0.0011088857506172192
literal,rare_deterministic,8357,0.175,0.0031076924931247073
literal,rare_deterministic,8357,0.225,0.002032957209464905
literal,rare_deterministic,8357,0.275,0.007376500862801501
literal,rare_deterministic,8357,0.325,0.005849774104705333
literal,rare_deterministic,8357,0.375,0.027055205234262157
literal,rare_deterministic,8357,0.425,0.0038811001271602673
literal,rare_deterministic,8357,0.475,0.0900728610256791
literal,rare_deterministic,8357,0.525,0.04272424301472284
literal,rare_deterministic,8357,0.575,0.01041991012400638
literal,rare_deterministic,8357,0.625,0.016938631610877535
literal,rare_deterministic,8357,0.675,0.024495929063453596
literal,rare_deterministic,8357,0.725,0.026323983471173977
literal,rare_deterministic,8357,0.775,0.014076018939447217
literal,rare_deterministic,8357,0.825,0.007577385962551016
literal,rare_deterministic,8357,0.875,0.055576871696695625
literal,rare_deterministic,8357,0.925,0.10922524643579608
literal,rare_deterministic,8357,0.975,0.5286401886712858
pragmatic_unlifted,rare_deterministic,8357,0.025,0.0004674255305933271
pragmatic_unlifted,rare_deterministic,8357,0.075,0.0009008619836280125
pragmatic_unlifted,rare_deterministic,8357,0.125,0.00017837890863938585
pragmatic_unlifted,rare_deterministic,8357,0.175,0.0007070814211917248
pragmatic_unlifted,rare_deterministic,8357,0.225,0.0005973146623769328
pragmatic_unlifted,rare_deterministic,8357,0.275,0.0026527755870082593
pragmatic_unlifted,rare_deterministic,8357,0.325,0.002485282250711386
pragmatic_unlifted,rare_deterministic,8357,0.375,0.013240608939384967
pragmatic_unlifted,rare_deterministic,8357,0.425,0.0021468385150105007
pragmatic_unlifted,rare_deterministic,8357,0.475,0.055488237600628064
pragmatic_unlifted,rare_deterministic,8357,0.525,0.028965299738654766
pragmatic_unlifted,rare_deterministic,8357,0.575,0.0076985906879268075
pragmatic_unlifted,rare_deterministic,8357,0.625,0.013526931426334992
pragmatic_unlifted,rare_deterministic,8357,0.675,0.020996349643102152
pragmatic_unlifted,rare_deterministic,8357,0.725,0.024071231557256198
pragmatic_unlifted,rare_deterministic,8357,0.775,0.013659092709287914
pragmatic_unlifted,rare_deterministic,8357,0.825,0.007766483390674723
pragmatic_unlifted,rare_deterministic,8357,0.875,0.0599172944540234
pragmatic_unlifted,rare_deterministic,8357,0.925,0.12339864837843124
pragmatic_unlifted,rare_deterministic,8357,0.975,0.6211352726151353
fixed_0.05,rare_deterministic,8357,0.075,0.09434223267395214
fixed_0.05,rare_deterministic,8357,0.125,0.006363259095310559
fixed_0.05,rare_deterministic,8357,0.175,0.012588186471157841
fixed_0.05,rare_deterministic,8357,0.225,0.006363259095310559
fixed_0.05,rare_deterministic,8357,0.275,0.01881311384700512
fixed_0.05,rare_deterministic,8357,0.325,0.012588186471157841
fixed_0.05,rare_deterministic,8357,0.375,0.05035274588463135
fixed_0.05,rare_deterministic,8357,0.425,0.006363259095310559
fixed_0.05,rare_deterministic,8357,0.475,0.13196846036796234
fixed_0.05,rare_deterministic,8357,0.525,0.05657767326047861
fixed_0.05,rare_deterministic,8357,0.575,0.012588186471157841
fixed_0.05,rare_deterministic,8357,0.625,0.01881311384700512
fixed_0.05,rare_deterministic,8357,0.675,0.025176372942315683
fixed_0.05,rare_deterministic,8357,0.725,0.025176372942315683
fixed_0.05,rare_deterministic,8357,0.775,0.012588186471157841
fixed_0.05,rare_deterministic,8357,0.825,0.006363259095310559
fixed_0.05,rare_deterministic,8357,0.875,0.043989486789320784
fixed_0.05,rare_deterministic,8357,0.925,0.0817540462027943
fixed_0.05,rare_deterministic,8357,0.975,0.37723059897634525
fixed_0.1,rare_deterministic,8357,0.125,0.007026118833053313
fixed_0.1,rare_deterministic,8357,0.175,0.013899495952344592
fixed_0.1,rare_deterministic,8357,0.225,0.007026118833053313
fixed_0.1,rare_deterministic,8357,0.275,0.020772873071635868
fixed_0.1,rare_deterministic,8357,0.325,0.013899495952344592
fixed_0.1,rare_deterministic,8357,0.375,0.05559798380937835
fixed_0.1,rare_deterministic,8357,0.425,0.007026118833053313
fixed_0.1,rare_deterministic,8357,0.475,0.1457155949289751
fixed_0.1,rare_deterministic,8357,0.525,0.06247136092866961
fixed_0.1,rare_deterministic,8357,0.575,0.013899495952344592
fixed_0.1,rare_deterministic,8357,0.625,0.020772873071635868
fixed_0.1,rare_deterministic,8357,0.675,0.027798991904689187
fixed_0.1,rare_deterministic,8357,0.725,0.027798991904689187
fixed_0.1,rare_deterministic,8357,0.775,0.013899495952344592
fixed_0.1,rare_deterministic,8357,0.825,0.007026118833053313
fixed_0.1,rare_deterministic,8357,0.875,0.048571864976325034
fixed_0.1,rare_deterministic,8357,0.925,0.09027035283335881
fixed_0.1,rare_deterministic,8357,0.975,0.41652665342905154
fixed_0.3,rare_deterministic,8357,0.325,0.01461143224149005
fixed_0.3,rare_deterministic,8357,0.375,0.05844572896596018
fixed_0.3,rare_deterministic,8357,0.425,0.007385998715478489
fixed_0.3,rare_deterministic,8357,0.475,0.15317919075144504
fixed_0.3,rare_deterministic,8357,0.525,0.06567116249197172
fixed_0.3,rare_deterministic,8357,0.575,0.01461143224149005
fixed_0.3,rare_deterministic,8357,0.625,0.021836865767501608
fixed_0.3,rare_deterministic,8357,0.675,0.0292228644829801
fixed_0.3,rare_deterministic,8357,0.725,0.0292228644829801
fixed_0.3,rare_deterministic,8357,0.775,0.01461143224149005
fixed_0.3,rare_deterministic,8357,0.825,0.007385998715478489
fixed_0.3,rare_deterministic,8357,0.875,0.05105973025048169
fixed_0.3,rare_deterministic,8357,0.925,0.09489402697495183
fixed_0.3,rare_deterministic,8357,0.975,0.43786127167630057
prior,rare_half,8357,0.975,0.004600000000000001
prior,rare_half,8357,0.925,0.004600000000000001
prior,rare_half,8357,0.875,0.009099999999999997
prior,rare_half,8357,0.825,0.004600000000000001
prior,rare_half,8357,0.775,0.004600000000000001
prior,rare_half,8357,0.725,0.009099999999999997
prior,rare_half,8357,0.675,0.004600000000000001
prior,rare_half,8357,0.625,0.013599999999999992
prior,rare_half,8357,0.575,0.0318
prior,rare_half,8357,0.525,0.07729999999999997
prior,rare_half,8357,0.475,0.20909999999999998
prior,rare_half,8357,0.425,0.04540000000000002
prior,rare_half,8357,0.375,0.0318
prior,rare_half,8357,0.325,0.0318
prior,rare_half,8357,0.275,0.04540000000000002
prior,rare_half,8357,0.225,0.022700000000000005
prior,rare_half,8357,0.175,0.04540000000000002
prior,rare_half,8357,0.125,0.04540000000000002
prior,rare_half,8357,0.075,0.09090000000000001
prior,rare_half,8357,0.025,0.2682
literal,rare_half,8357,0.025,0.02368730635936169
literal,rare_half,8357,0.075,0.022479094759823785
literal,rare_half,8357,0.125,0.019246598813691666
literal,rare_half,8357,0.175,0.027266014986063184
literal,rare_half,8357,0.225,0.017642715579217354
literal,rare_half,8357,0.275,0.04330484733080623
literal,rare_half,8357,0.325,0.03594959425993508
literal,rare_half,8357,0.375,0.04156671836304994
literal,rare_half,8357,0.425,0.06736309584792077
literal,rare_half,8357,0.475,0.34719126130931977
literal,rare_half,8357,0.525,0.14200372355270743
literal,rare_half,8357,0.575,0.0640352147755094
literal,rare_half,8357,0.625,0.029788421658782687
literal,rare_half,8357,0.675,0.01088803552566038
literal,rare_half,8357,0.725,0.02314679064377894
literal,rare_half,8357,0.775,0.01251311545486342
literal,rare_half,8357,0.825,0.013325655419464951
literal,rare_half,8357,0.875,0.027969038694566243
literal,rare_half,8357,0.925,0.014950735348667994
literal,rare_half,8357,0.975,0.015682021316809347
pragmatic_unlifted,rare_half,8357,0.025,0.001395663059079439
pragmatic_unlifted,rare_half,8357,0.075,0.003703132230543761
pragmatic_unlifted,rare_half,8357,0.125,0.005417828530810328
pragmatic_unlifted,rare_half,8357,0.175,0.010820040251583134
pragmatic_unlifted,rare_half,8357,0.225,0.00900110833927125
pragmatic_unlifted,rare_half,8357,0.275,0.026893862656531008
pragmatic_unlifted,rare_half,8357,0.325,0.02620322003879499
pragmatic_unlifted,rare_half,8357,0.375,0.03463769034242369
pragmatic_unlifted,rare_half,8357,0.425,0.06290995652546853
pragmatic_unlifted,rare_half,8357,0.475,0.35771918635981925
pragmatic_unlifted,rare_half,8357,0.525,0.15937279266735754
pragmatic_unlifted,rare_half,8357,0.575,0.07745990169701247
pragmatic_unlifted,rare_half,8357,0.625,0.038491153189048916
pragmatic_unlifted,rare_half,8357,0.675,0.014913573039078327
pragmatic_unlifted,rare_half,8357,0.725,0.03338448057529605
pragmatic_unlifted,rare_half,8357,0.775,0.01889301567968693
pragmatic_unlifted,rare_half,8357,0.825,0.020953785969129845
pragmatic_unlifted,rare_half,8357,0.875,0.045592575458425065
pragmatic_unlifted,rare_half,8357,0.925,0.02516157593113645
pragmatic_unlifted,rare_half,8357,0.975,0.027075457459502305
fixed_0.05,rare_half,8357,0.075,0.1242142661929489
fixed_0.05,rare_half,8357,0.125,0.06203880841760046
fixed_0.05,rare_half,8357,0.175,0.06203880841760046
fixed_0.05,rare_half,8357,0.225,0.031019404208800228
fixed_0.05,rare_half,8357,0.275,0.06203880841760046
fixed_0.05,rare_half,8357,0.325,0.043454495763869914
fixed_0.05,rare_half,8357,0.375,0.043454495763869914
fixed_0.05,rare_half,8357,0.425,0.06203880841760046
fixed_0.05,rare_half,8357,0.475,0.2857338070511069
fixed_0.05,rare_half,8357,0.525,0.10562995353921832
fixed_0.05,rare_half,8357,0.575,0.043454495763869914
fixed_0.05,rare_half,8357,0.625,0.01858431265373052
fixed_0.05,rare_half,8357,0.675,0.006285870456408856
fixed_0.05,rare_half,8357,0.725,0.012435091555069689
fixed_0.05,rare_half,8357,0.775,0.006285870456408856
fixed_0.05,rare_half,8357,0.825,0.006285870456408856
fixed_0.05,rare_half,8357,0.875,0.012435091555069689
fixed_0.05,rare_half,8357,0.925,0.006285870456408856
fixed_0.05,rare_half,8357,0.975,0.006285870456408856
fixed_0.1,rare_half,8357,0.125,0.07083788422530816
fixed_0.1,rare_half,8357,0.175,0.07083788422530816
fixed_0.1,rare_half,8357,0.225,0.03541894211265408
fixed_0.1,rare_half,8357,0.275,0.07083788422530816
fixed_0.1,rare_half,8357,0.325,0.04961772507411452
fixed_0.1,rare_half,8357,0.375,0.04961772507411452
fixed_0.1,rare_half,8357,0.425,0.07083788422530816
fixed_0.1,rare_half,8357,0.475,0.32625994694960203
fixed_0.1,rare_half,8357,0.525,0.12061163988141667
fixed_0.1,rare_half,8357,0.575,0.04961772507411452
fixed_0.1,rare_half,8357,0.625,0.02122015915119362
fixed_0.1,rare_half,8357,0.675,0.0071774067717272575
fixed_0.1,rare_half,8357,0.725,0.014198782961460439
fixed_0.1,rare_half,8357,0.775,0.0071774067717272575
fixed_0.1,rare_half,8357,0.825,0.0071774067717272575
fixed_0.1,rare_half,8357,0.875,0.014198782961460439
fixed_0.1,rare_half,8357,0.925,0.0071774067717272575
fixed_0.1,rare_half,8357,0.975,0.0071774067717272575
fixed_0.3,rare_half,8357,0.325,0.06597510373443984
fixed_0.3,rare_half,8357,0.375,0.06597510373443984
fixed_0.3,rare_half,8357,0.425,0.09419087136929463
fixed_0.3,rare_half,8357,0.475,0.4338174273858921
fixed_0.3,rare_half,8357,0.525,0.1603734439834024
fixed_0.3,rare_half,8357,0.575,0.06597510373443984
fixed_0.3,rare_half,8357,0.625,0.028215767634854755
fixed_0.3,rare_half,8357,0.675,0.009543568464730291
fixed_0.3,rare_half,8357,0.725,0.018879668049792523
fixed_0.3,rare_half,8357,0.775,0.009543568464730291
fixed_0.3,rare_half,8357,0.825,0.009543568464730291
fixed_0.3,rare_half,8357,0.875,0.018879668049792523
fixed_0.3,rare_half,8357,0.925,0.009543568464730291
fixed_0.3,rare_half,8357,0.975,0.009543568464730291
prior,rare_strong,8357,0.975,0.004599080183963209
prior,rare_strong,8357,0.925,0.004599080183963209
prior,rare_strong,8357,0.875,0.004599080183963209
prior,rare_strong,8357,0.825,0.013597280543891218
prior,rare_strong,8357,0.775,0.09998000399920016
prior,rare_strong,8357,0.725,0.19996000799840036
prior,rare_strong,8357,0.675,0.06818636272745451
prior,rare_strong,8357,0.625,0.07268546290741854
prior,rare_strong,8357,0.575,0.009098180363927216
prior,rare_strong,8357,0.525,0.004599080183963209
prior,rare_strong,8357,0.475,0.009098180363927216
prior,rare_strong,8357,0.425,0.004599080183963209
prior,rare_strong,8357,0.375,0.004599080183963209
prior,rare_strong,8357,0.325,0.009098180363927216
prior,rare_strong,8357,0.275,0.07268546290741854
prior,rare_strong,8357,0.225,0.013597280543891218
prior,rare_strong,8357,0.175,0.009098180363927216
prior,rare_strong,8357,0.125,0.013597280543891218
prior,rare_strong,8357,0.075,0.03639272145570886
prior,rare_strong,8357,0.025,0.3453309338132373
literal,rare_strong,8357,0.025,0.022085641647356092
literal,rare_strong,8357,0.075,0.006516990725820884
literal,rare_strong,8357,0.125,0.004174147906020283
literal,rare_strong,8357,0.175,0.003956744369248393
literal,rare_strong,8357,0.225,0.007652604494370524
literal,rare_strong,8357,0.275,0.050204870862299106
literal,rare_strong,8357,0.325,0.007447989400938154
literal,rare_strong,8357,0.375,0.004353186112773606
literal,rare_strong,8357,0.425,0.004941454506391657
literal,rare_strong,8357,0.475,0.010939234432627907
literal,rare_strong,8357,0.525,0.006117991293627773
literal,rare_strong,8357,0.575,0.013266731120421094
literal,rare_strong,8357,0.625,0.11528525901713138
literal,rare_strong,8357,0.675,0.11687102599123221
literal,rare_strong,8357,0.725,0.36830716817826076
literal,rare_strong,8357,0.775,0.19694202742865316
literal,rare_strong,8357,0.825,0.028523344024471927
literal,rare_strong,8357,0.875,0.01023587004895417
literal,rare_strong,8357,0.925,0.010824138442572226
literal,rare_strong,8357,0.975,0.011353579996828466
pragmatic_unlifted,rare_strong,8357,0.025,0.0009137345551380857
pragmatic_unlifted,rare_strong,8357,0.075,0.0007543681308071306
pragmatic_unlifted,rare_strong,8357,0.125,0.0008268957834603313
pragmatic_unlifted,rare_strong,8357,0.175,0.001107559061735338
pragmatic_unlifted,rare_strong,8357,0.225,0.002762536131536617
pragmatic_unlifted,rare_strong,8357,0.275,0.022146413001392966
pragmatic_unlifted,rare_strong,8357,0.325,0.0038737108848383123
pragmatic_unlifted,rare_strong,8357,0.375,0.00260210013551799
pragmatic_unlifted,rare_strong,8357,0.425,0.0033299305143938444
pragmatic_unlifted,rare_strong,8357,0.475,0.008186128558968659
pragmatic_unlifted,rare_strong,8357,0.525,0.005022541916088077
pragmatic_unlifted,rare_strong,8357,0.575,0.011828551985489544
pragmatic_unlifted,rare_strong,8357,0.625,0.1106911925594375
pragmatic_unlifted,rare_strong,8357,0.675,0.11996857659910186
pragmatic_unlifted,rare_strong,8357,0.725,0.40166202351243774
pragmatic_unlifted,rare_strong,8357,0.775,0.22692610355263815
pragmatic_unlifted,rare_strong,8357,0.825,0.034555970498989216
pragmatic_unlifted,rare_strong,8357,0.875,0.012981775568172062
pragmatic_unlifted,rare_strong,8357,0.925,0.014315023683264639
pragmatic_unlifted,rare_strong,8357,0.975,0.015544863366591647
fixed_0.05,rare_strong,8357,0.075,0.05558949297495419
fixed_0.05,rare_strong,8357,0.125,0.0207697006719609
fixed_0.05,rare_strong,8357,0.175,0.01389737324373854
fixed_0.05,rare_strong,8357,0.225,0.0207697006719609
fixed_0.05,rare_strong,8357,0.275,0.11102626756261455
fixed_0.05,rare_strong,8357,0.325,0.01389737324373854
fixed_0.05,rare_strong,8357,0.375,0.007025045815516187
fixed_0.05,rare_strong,8357,0.425,0.007025045815516187
fixed_0.05,rare_strong,8357,0.475,0.01389737324373854
fixed_0.05,rare_strong,8357,0.525,0.007025045815516187
fixed_0.05,rare_strong,8357,0.575,0.01389737324373854
fixed_0.05,rare_strong,8357,0.625,0.11102626756261455
fixed_0.05,rare_strong,8357,0.675,0.10415394013439219
fixed_0.05,rare_strong,8357,0.725,0.3054367745876604
fixed_0.05,rare_strong,8357,0.775,0.1527183872938302
fixed_0.05,rare_strong,8357,0.825,0.0207697006719609
fixed_0.05,rare_strong,8357,0.875,0.007025045815516187
fixed_0.05,rare_strong,8357,0.925,0.007025045815516187
fixed_0.05,rare_strong,8357,0.975,0.007025045815516187
fixed_0.1,rare_strong,8357,0.125,0.021992238033635182
fixed_0.1,rare_strong,8357,0.175,0.014715394566623543
fixed_0.1,rare_strong,8357,0.225,0.021992238033635182
fixed_0.1,rare_strong,8357,0.275,0.11756144890038811
fixed_0.1,rare_strong,8357,0.325,0.014715394566623543
fixed_0.1,rare_strong,8357,0.375,0.007438551099611904
fixed_0.1,rare_strong,8357,0.425,0.007438551099611904
fixed_0.1,rare_strong,8357,0.475,0.014715394566623543
fixed_0.1,rare_strong,8357,0.525,0.007438551099611904
fixed_0.1,rare_strong,8357,0.575,0.014715394566623543
fixed_0.1,rare_strong,8357,0.625,0.11756144890038811
fixed_0.1,rare_strong,8357,0.675,0.11028460543337645
fixed_0.1,rare_strong,8357,0.725,0.3234152652005175
fixed_0.1,rare_strong,8357,0.775,0.16170763260025872
fixed_0.1,rare_strong,8357,0.825,0.021992238033635182
fixed_0.1,rare_strong,8357,0.875,0.007438551099611904
fixed_0.1,rare_strong,8357,0.925,0.007438551099611904
fixed_0.1,rare_strong,8357,0.975,0.007438551099611904
fixed_0.3,rare_strong,8357,0.325,0.01786415390655673
fixed_0.3,rare_strong,8357,0.375,0.009030231645072636
fixed_0.3,rare_strong,8357,0.425,0.009030231645072636
fixed_0.3,rare_strong,8357,0.475,0.01786415390655673
fixed_0.3,rare_strong,8357,0.525,0.009030231645072636
fixed_0.3,rare_strong,8357,0.575,0.01786415390655673
fixed_0.3,rare_strong,8357,0.625,0.14271692186886534
fixed_0.3,rare_strong,8357,0.675,0.1338829996073812
fixed_0.3,rare_strong,8357,0.725,0.3926187671770711
fixed_0.3,rare_strong,8357,0.775,0.1963093835885355
fixed_0.3,rare_strong,8357,0.825,0.02669807616804082
fixed_0.3,rare_strong,8357,0.875,0.009030231645072636
fixed_0.3,rare_strong,8357,0.925,0.009030231645072636
fixed_0.3,rare_strong,8357,0.975,0.009030231645072636
prior,rare_weak,8357,0.975,0.004598160735705716
prior,rare_weak,8357,0.925,0.004598160735705716
prior,rare_weak,8357,0.875,0.013594562175129946
prior,rare_weak,8357,0.825,0.009096361455417834
prior,rare_weak,8357,0.775,0.004598160735705716
prior,rare_weak,8357,0.725,0.004598160735705716
prior,rare_weak,8357,0.675,0.009096361455417834
prior,rare_weak,8357,0.625,0.009096361455417834
prior,rare_weak,8357,0.575,0.004598160735705716
prior,rare_weak,8357,0.525,0.004598160735705716
prior,rare_weak,8357,0.475,0.009096361455417834
prior,rare_weak,8357,0.425,0.004598160735705716
prior,rare_weak,8357,0.375,0.013594562175129946
prior,rare_weak,8357,0.325,0.031787285085965615
prior,rare_weak,8357,0.275,0.06357457017193124
prior,rare_weak,8357,0.225,0.13634546181527388
prior,rare_weak,8357,0.175,0.15453818472610956
prior,rare_weak,8357,0.125,0.0772690923630548
prior,rare_weak,8357,0.075,0.06817273090763697
prior,rare_weak,8357,0.025,0.37255097960815675
literal,rare_weak,8357,0.025,0.05486740255036996
literal,rare_weak,8357,0.075,0.028112367027149567
literal,rare_weak,8357,0.125,0.05462302399326341
literal,rare_weak,8357,0.175,0.1547652346475796
literal,rare_weak,8357,0.225,0.1767063070277973
literal,rare_weak,8357,0.275,0.1011197248827425
literal,rare_weak,8357,0.325,0.05992279993051409
literal,rare_weak,8357,0.375,0.029631636129161427
literal,rare_weak,8357,0.425,0.011376852345298063
literal,rare_weak,8357,0.475,0.025185712981801153
literal,rare_weak,8357,0.525,0.014085626713226197
literal,rare_weak,8357,0.575,0.015440013897190248
literal,rare_weak,8357,0.625,0.033223706486631345
literal,rare_weak,8357,0.675,0.035903037654908085
literal,rare_weak,8357,0.725,0.019503175449082408
literal,rare_weak,8357,0.775,0.02085756263304645
literal,rare_weak,8357,0.825,0.0439410311597382
literal,rare_weak,8357,0.875,0.06967438765505529
literal,rare_weak,8357,0.925,0.02492072418493866
literal,rare_weak,8357,0.975,0.02613967265050628
pragmatic_unlifted,rare_weak,8357,0.025,0.004779852170202521
pragmatic_unlifted,rare_weak,8357,0.075,0.006829668122219539
pragmatic_unlifted,rare_weak,8357,0.125,0.022546770448374047
pragmatic_unlifted,rare_weak,8357,0.175,0.08928909335606802
pragmatic_unlifted,rare_weak,8357,0.225,0.1295997399206852
pragmatic_unlifted,rare_weak,8357,0.275,0.08904056355398277
pragmatic_unlifted,rare_weak,8357,0.325,0.060941537255590296
pragmatic_unlifted,rare_weak,8357,0.375,0.033835131242296895
pragmatic_unlifted,rare_weak,8357,0.425,0.014273082405408304
pragmatic_unlifted,rare_weak,8357,0.475,0.03412525533101478
pragmatic_unlifted,rare_weak,8357,0.525,0.020326740864413453
pragmatic_unlifted,rare_weak,8357,0.575,0.02345874589398011
pragmatic_unlifted,rare_weak,8357,0.625,0.052635987145922714
pragmatic_unlifted,rare_weak,8357,0.675,0.058830996269726564
pragmatic_unlifted,rare_weak,8357,0.725,0.03282559332533759
pragmatic_unlifted,rare_weak,8357,0.775,0.03584529757322781
pragmatic_unlifted,rare_weak,8357,0.825,0.07671758860304707
pragmatic_unlifted,rare_weak,8357,0.875,0.1230430582250601
pragmatic_unlifted,rare_weak,8357,0.925,0.044347513464026794
pragmatic_unlifted,rare_weak,8357,0.975,0.04670778482941603
fixed_0.05,rare_weak,8357,0.075,0.10865062928150393
fixed_0.05,rare_weak,8357,0.125,0.12314800063724715
fixed_0.05,rare_weak,8357,0.175,0.24629600127449422
fixed_0.05,rare_weak,8357,0.225,0.2173012585630078
fixed_0.05,rare_weak,8357,0.275,0.10132228771706231
fixed_0.05,rare_weak,8357,0.325,0.050661143858531155
fixed_0.05,rare_weak,8357,0.375,0.021666401147044767
fixed_0.05,rare_weak,8357,0.425,0.00732834156444161
fixed_0.05,rare_weak,8357,0.475,0.014497371355743192
fixed_0.05,rare_weak,8357,0.525,0.00732834156444161
fixed_0.05,rare_weak,8357,0.575,0.00732834156444161
fixed_0.05,rare_weak,8357,0.625,0.014497371355743192
fixed_0.05,rare_weak,8357,0.675,0.014497371355743192
fixed_0.05,rare_weak,8357,0.725,0.00732834156444161
fixed_0.05,rare_weak,8357,0.775,0.00732834156444161
fixed_0.05,rare_weak,8357,0.825,0.014497371355743192
fixed_0.05,rare_weak,8357,0.875,0.021666401147044767
fixed_0.05,rare_weak,8357,0.925,0.00732834156444161
fixed_0.05,rare_weak,8357,0.975,0.00732834156444161
fixed_0.1,rare_weak,8357,0.125,0.13815907059874893
fixed_0.1,rare_weak,8357,0.175,0.2763181411974978
fixed_0.1,rare_weak,8357,0.225,0.24378909740840035
fixed_0.1,rare_weak,8357,0.275,0.11367292225201076
fixed_0.1,rare_weak,8357,0.325,0.05683646112600537
fixed_0.1,rare_weak,8357,0.375,0.02430741733690795
fixed_0.1,rare_weak,8357,0.425,0.008221626452189455
fixed_0.1,rare_weak,8357,0.475,0.0162645218945487
fixed_0.1,rare_weak,8357,0.525,0.008221626452189455
fixed_0.1,rare_weak,8357,0.575,0.008221626452189455
fixed_0.1,rare_weak,8357,0.625,0.0162645218945487
fixed_0.1,rare_weak,8357,0.675,0.0162645218945487
fixed_0.1,rare_weak,8357,0.725,0.008221626452189455
fixed_0.1,rare_weak,8357,0.775,0.008221626452189455
fixed_0.1,rare_weak,8357,0.825,0.0162645218945487
fixed_0.1,rare_weak,8357,0.875,0.02430741733690795
fixed_0.1,rare_weak,8357,0.925,0.008221626452189455
fixed_0.1,rare_weak,8357,0.975,0.008221626452189455
fixed_0.3,rare_weak,8357,0.325,0.24921630094043878
fixed_0.3,rare_weak,8357,0.375,0.10658307210031343
fixed_0.3,rare_weak,8357,0.425,0.036050156739811885
fixed_0.3,rare_weak,8357,0.475,0.07131661442006268
fixed_0.3,rare_weak,8357,0.525,0.036050156739811885
fixed_0.3,rare_weak,8357,0.575,0.036050156739811885
fixed_0.3,rare_weak,8357,0.625,0.07131661442006268
fixed_0.3,rare_weak,8357,0.675,0.07131661442006268
fixed_0.3,rare_weak,8357,0.725,0.036050156739811885
fixed_0.3,rare_weak,8357,0.775,0.036050156739811885
fixed_0.3,rare_weak,8357,0.825,0.07131661442006268
fixed_0.3,rare_weak,8357,0.875,0.10658307210031343
fixed_0.3,rare_weak,8357,0.925,0.036050156739811885
fixed_0.3,rare_weak,8357,0.975,0.036050156739811885
prior,strong_or_deterministic,8357,0.975,0.1590681863627275
prior,strong_or_deterministic,8357,0.925,0.09088182363527293
prior,strong_or_deterministic,8357,0.875,0.05458908218356329
prior,strong_or_deterministic,8357,0.825,0.1135772845430914
prior,strong_or_deterministic,8357,0.775,0.1635672865426915
prior,strong_or_deterministic,8357,0.725,0.15456908618276347
prior,strong_or_deterministic,8357,0.675,0.06818636272745451
prior,strong_or_deterministic,8357,0.625,0.0590881823635273
prior,strong_or_deterministic,8357,0.575,0.013597280543891218
prior,strong_or_deterministic,8357,0.525,0.009098180363927216
prior,strong_or_deterministic,8357,0.475,0.027294541091781654
prior,strong_or_deterministic,8357,0.425,0.01819636072785443
prior,strong_or_deterministic,8357,0.375,0.009098180363927216
prior,strong_or_deterministic,8357,0.325,0.009098180363927216
prior,strong_or_deterministic,8357,0.275,0.009098180363927216
prior,strong_or_deterministic,8357,0.225,0.013597280543891218
prior,strong_or_deterministic,8357,0.175,0.013597280543891218
prior,strong_or_deterministic,8357,0.125,0.004599080183963209
prior,strong_or_deterministic,8357,0.075,0.004599080183963209
prior,strong_or_deterministic,8357,0.025,0.004599080183963209
literal,strong_or_deterministic,8357,0.025,0.00015427513158662581
literal,strong_or_deterministic,8357,0.075,0.0004319703684425516
literal,strong_or_deterministic,8357,0.125,0.000740520631615803
literal,strong_or_deterministic,8357,0.175,0.0031016009063328555
literal,strong_or_deterministic,8357,0.225,0.004013836467018994
literal,strong_or_deterministic,8357,0.275,0.0032961217244203405
literal,strong_or_deterministic,8357,0.325,0.003906514636350035
literal,strong_or_deterministic,8357,0.375,0.004516907548279728
literal,strong_or_deterministic,8357,0.425,0.010254600920418834
literal,strong_or_deterministic,8357,0.475,0.01721308011641735
literal,strong_or_deterministic,8357,0.525,0.006348086284068813
literal,strong_or_deterministic,8357,0.575,0.010399485391821936
literal,strong_or_deterministic,8357,0.625,0.04915608149214909
literal,strong_or_deterministic,8357,0.675,0.061299546632341585
literal,strong_or_deterministic,8357,0.725,0.14932759519278696
literal,strong_or_deterministic,8357,0.775,0.16899432066287326
literal,strong_or_deterministic,8357,0.825,0.1249655396309336
literal,strong_or_deterministic,8357,0.875,0.06372502000545997
literal,strong_or_deterministic,8357,0.925,0.11218887568979424
literal,strong_or_deterministic,8357,0.975,0.20596602056688734
pragmatic_unlifted,strong_or_deterministic,8357,0.025,0.000005009814399374371
pragmatic_unlifted,strong_or_deterministic,8357,0.075,0.000039268686814997166
pragmatic_unlifted,strong_or_deterministic,8357,0.125,0.00011534796135655135
pragmatic_unlifted,strong_or_deterministic,8357,0.175,0.000683938251875953
pragmatic_unlifted,strong_or_deterministic,8357,0.225,0.0011443229142331709
pragmatic_unlifted,strong_or_deterministic,8357,0.275,0.0011518909607654575
pragmatic_unlifted,strong_or_deterministic,8357,0.325,0.0016156833507331302
pragmatic_unlifted,strong_or_deterministic,8357,0.375,0.0021563883487086023
pragmatic_unlifted,strong_or_deterministic,8357,0.425,0.005546444324779701
pragmatic_unlifted,strong_or_deterministic,8357,0.475,0.010395886501938992
pragmatic_unlifted,strong_or_deterministic,8357,0.525,0.004231616743727564
pragmatic_unlifted,strong_or_deterministic,8357,0.575,0.007578780007798647
pragmatic_unlifted,strong_or_deterministic,8357,0.625,0.038853678850158516
pragmatic_unlifted,strong_or_deterministic,8357,0.675,0.052196926115352246
pragmatic_unlifted,strong_or_deterministic,8357,0.725,0.1361868262192149
pragmatic_unlifted,strong_or_deterministic,8357,0.775,0.16423890999217447
pragmatic_unlifted,strong_or_deterministic,8357,0.825,0.12884575688872482
pragmatic_unlifted,strong_or_deterministic,8357,0.875,0.06943065097147733
pragmatic_unlifted,strong_or_deterministic,8357,0.925,0.12871229732558434
pragmatic_unlifted,strong_or_deterministic,8357,0.975,0.2468703757701813
fixed_0.05,strong_or_deterministic,8357,0.075,0.0046203294495781415
fixed_0.05,strong_or_deterministic,8357,0.125,0.0046203294495781415
fixed_0.05,strong_or_deterministic,8357,0.175,0.013660104459622324
fixed_0.05,strong_or_deterministic,8357,0.225,0.013660104459622324
fixed_0.05,strong_or_deterministic,8357,0.275,0.009140216954600234
fixed_0.05,strong_or_deterministic,8357,0.325,0.009140216954600234
fixed_0.05,strong_or_deterministic,8357,0.375,0.009140216954600234
fixed_0.05,strong_or_deterministic,8357,0.425,0.01828043390920047
fixed_0.05,strong_or_deterministic,8357,0.475,0.027420650863800723
fixed_0.05,strong_or_deterministic,8357,0.525,0.009140216954600234
fixed_0.05,strong_or_deterministic,8357,0.575,0.013660104459622324
fixed_0.05,strong_or_deterministic,8357,0.625,0.05936118923262353
fixed_0.05,strong_or_deterministic,8357,0.675,0.06850140618722377
fixed_0.05,strong_or_deterministic,8357,0.725,0.155283246283648
fixed_0.05,strong_or_deterministic,8357,0.775,0.16432302129369222
fixed_0.05,strong_or_deterministic,8357,0.825,0.11410204901566894
fixed_0.05,strong_or_deterministic,8357,0.875,0.054841301727601426
fixed_0.05,strong_or_deterministic,8357,0.925,0.09130172760144631
fixed_0.05,strong_or_deterministic,8357,0.975,0.15980313378867012
fixed_0.1,strong_or_deterministic,8357,0.125,0.004641775983854695
fixed_0.1,strong_or_deterministic,8357,0.175,0.013723511604439957
fixed_0.1,strong_or_deterministic,8357,0.225,0.013723511604439957
fixed_0.1,strong_or_deterministic,8357,0.275,0.009182643794147327
fixed_0.1,strong_or_deterministic,8357,0.325,0.009182643794147327
fixed_0.1,strong_or_deterministic,8357,0.375,0.009182643794147327
fixed_0.1,strong_or_deterministic,8357,0.425,0.018365287588294657
fixed_0.1,strong_or_deterministic,8357,0.475,0.02754793138244199
fixed_0.1,strong_or_deterministic,8357,0.525,0.009182643794147327
fixed_0.1,strong_or_deterministic,8357,0.575,0.013723511604439957
fixed_0.1,strong_or_deterministic,8357,0.625,0.05963673057517661
fixed_0.1,strong_or_deterministic,8357,0.675,0.06881937436932392
fixed_0.1,strong_or_deterministic,8357,0.725,0.15600403632694249
fixed_0.1,strong_or_deterministic,8357,0.775,0.16508577194752777
fixed_0.1,strong_or_deterministic,8357,0.825,0.11463168516649852
fixed_0.1,strong_or_deterministic,8357,0.875,0.05509586276488396
fixed_0.1,strong_or_deterministic,8357,0.925,0.09172552976791119
fixed_0.1,strong_or_deterministic,8357,0.975,0.16054490413723513
fixed_0.3,strong_or_deterministic,8357,0.325,0.009577939164298496
fixed_0.3,strong_or_deterministic,8357,0.375,0.009577939164298496
fixed_0.3,strong_or_deterministic,8357,0.425,0.01915587832859699
fixed_0.3,strong_or_deterministic,8357,0.475,0.028733817492895494
fixed_0.3,strong_or_deterministic,8357,0.525,0.009577939164298496
fixed_0.3,strong_or_deterministic,8357,0.575,0.01431428270708346
fixed_0.3,strong_or_deterministic,8357,0.625,0.06220397852857592
fixed_0.3,strong_or_deterministic,8357,0.675,0.07178191769287441
fixed_0.3,strong_or_deterministic,8357,0.725,0.16271971371434585
fixed_0.3,strong_or_deterministic,8357,0.775,0.1721924007999158
fixed_0.3,strong_or_deterministic,8357,0.825,0.11956636143563833
fixed_0.3,strong_or_deterministic,8357,0.875,0.05746763498579094
fixed_0.3,strong_or_deterministic,8357,0.925,0.09567413956425633
fixed_0.3,strong_or_deterministic,8357,0.975,0.1674560572571308
prior,uniform,8357,0.975,0.018199999999999997
prior,uniform,8357,0.925,0.013600000000000004
prior,uniform,8357,0.875,0.018199999999999997
prior,uniform,8357,0.825,0.0409
prior,uniform,8357,0.775,0.0318
prior,uniform,8357,0.725,0.045399999999999996
prior,uniform,8357,0.675,0.07269999999999999
prior,uniform,8357,0.625,0.0409
prior,uniform,8357,0.575,0.05460000000000001
prior,uniform,8357,0.525,0.07269999999999999
prior,uniform,8357,0.475,0.1318
prior,uniform,8357,0.425,0.06360000000000002
prior,uniform,8357,0.375,0.06360000000000002
prior,uniform,8357,0.325,0.0773
prior,uniform,8357,0.275,0.05460000000000001
prior,uniform,8357,0.225,0.036399999999999995
prior,uniform,8357,0.175,0.0273
prior,uniform,8357,0.125,0.1046
prior,uniform,8357,0.075,0.022700000000000005
prior,uniform,8357,0.025,0.009099999999999997
literal,uniform,8357,0.025,0.0004964002797297397
literal,uniform,8357,0.075,0.003467165030727723
literal,uniform,8357,0.125,0.027388203565572287
literal,uniform,8357,0.175,0.010126565706486694
literal,uniform,8357,0.225,0.01747328984648686
literal,uniform,8357,0.275,0.03216673812648715
literal,uniform,8357,0.325,0.05397343876657075
literal,uniform,8357,0.375,0.051346335747693386
literal,uniform,8357,0.425,0.05828502976765194
literal,uniform,8357,0.475,0.1351648867170922
literal,uniform,8357,0.525,0.0824875436259477
literal,uniform,8357,0.575,0.06790755826702849
literal,uniform,8357,0.625,0.05533062986104071
literal,uniform,8357,0.675,0.10628202736420189
literal,uniform,8357,0.725,0.07132453777497036
literal,uniform,8357,0.775,0.05342794395368097
literal,uniform,8357,0.825,0.07317922013879569
literal,uniform,8357,0.875,0.03454945946918992
literal,uniform,8357,0.925,0.027300924395509976
literal,uniform,8357,0.975,0.03832210159513591
pragmatic_unlifted,uniform,8357,0.025,0.00002289272485794428
pragmatic_unlifted,uniform,8357,0.075,0.000447462431504823
pragmatic_unlifted,uniform,8357,0.125,0.006051914293937585
pragmatic_unlifted,uniform,8357,0.175,0.003164041536544303
pragmatic_unlifted,uniform,8357,0.225,0.007047454019499397
pragmatic_unlifted,uniform,8357,0.275,0.01587202484345589
pragmatic_unlifted,uniform,8357,0.325,0.031444430979350124
pragmatic_unlifted,uniform,8357,0.375,0.03443543530966578
pragmatic_unlifted,uniform,8357,0.425,0.04414826521180766
pragmatic_unlifted,uniform,8357,0.475,0.11392480214957754
pragmatic_unlifted,uniform,8357,0.525,0.07644309220759064
pragmatic_unlifted,uniform,8357,0.575,0.06851334716927773
pragmatic_unlifted,uniform,8357,0.625,0.06027346820346281
pragmatic_unlifted,uniform,8357,0.675,0.12412143702761175
pragmatic_unlifted,uniform,8357,0.725,0.08875431685005429
pragmatic_unlifted,uniform,8357,0.775,0.0704615013454298
pragmatic_unlifted,uniform,8357,0.825,0.1017991935788404
pragmatic_unlifted,uniform,8357,0.875,0.05048185001780095
pragmatic_unlifted,uniform,8357,0.925,0.04174081544959996
pragmatic_unlifted,uniform,8357,0.975,0.06085225465013082
fixed_0.05,uniform,8357,0.075,0.02290846705015643
fixed_0.05,uniform,8357,0.125,0.10556060147340801
fixed_0.05,uniform,8357,0.175,0.0275507114744172
fixed_0.05,uniform,8357,0.225,0.03673428196588959
fixed_0.05,uniform,8357,0.275,0.0551014229488344
fixed_0.05,uniform,8357,0.325,0.07800988999899082
fixed_0.05,uniform,8357,0.375,0.06418407508325766
fixed_0.05,uniform,8357,0.425,0.06418407508325766
fixed_0.05,uniform,8357,0.475,0.13301039459077607
fixed_0.05,uniform,8357,0.525,0.07336764557473004
fixed_0.05,uniform,8357,0.575,0.0551014229488344
fixed_0.05,uniform,8357,0.625,0.04127560803310122
fixed_0.05,uniform,8357,0.675,0.07336764557473004
fixed_0.05,uniform,8357,0.725,0.045816934100312845
fixed_0.05,uniform,8357,0.775,0.03209203754162883
fixed_0.05,uniform,8357,0.825,0.04127560803310122
fixed_0.05,uniform,8357,0.875,0.018367140982944796
fixed_0.05,uniform,8357,0.925,0.013724896558684023
fixed_0.05,uniform,8357,0.975,0.018367140982944796
fixed_0.1,uniform,8357,0.125,0.10803552984920475
fixed_0.1,uniform,8357,0.175,0.028196653583970267
fixed_0.1,uniform,8357,0.225,0.03759553811196035
fixed_0.1,uniform,8357,0.275,0.05639330716794054
fixed_0.1,uniform,8357,0.325,0.07983887626523449
fixed_0.1,uniform,8357,0.375,0.0656889072505681
fixed_0.1,uniform,8357,0.425,0.0656889072505681
fixed_0.1,uniform,8357,0.475,0.13612889898781247
fixed_0.1,uniform,8357,0.525,0.07508779177855818
fixed_0.1,uniform,8357,0.575,0.05639330716794054
fixed_0.1,uniform,8357,0.625,0.042243338153274135
fixed_0.1,uniform,8357,0.675,0.07508779177855818
fixed_0.1,uniform,8357,0.725,0.046891138194587914
fixed_0.1,uniform,8357,0.775,0.03284445362528405
fixed_0.1,uniform,8357,0.825,0.042243338153274135
fixed_0.1,uniform,8357,0.875,0.018797769055980174
fixed_0.1,uniform,8357,0.925,0.014046684569303868
fixed_0.1,uniform,8357,0.975,0.018797769055980174
fixed_0.3,uniform,8357,0.325,0.10371662417818324
fixed_0.3,uniform,8357,0.375,0.08533476452435262
fixed_0.3,uniform,8357,0.425,0.08533476452435262
fixed_0.3,uniform,8357,0.475,0.17684154031933447
fixed_0.3,uniform,8357,0.525,0.09754461290755399
fixed_0.3,uniform,8357,0.575,0.07325909029920838
fixed_0.3,uniform,8357,0.625,0.054877230645377674
fixed_0.3,uniform,8357,0.675,0.09754461290755399
fixed_0.3,uniform,8357,0.725,0.06091506775794979
fixed_0.3,uniform,8357,0.775,0.04266738226217631
fixed_0.3,uniform,8357,0.825,0.054877230645377674
fixed_0.3,uniform,8357,0.875,0.024419696766402786
fixed_0.3,uniform,8357,0.925,0.018247685495773523
fixed_0.3,uniform,8357,0.975,0.024419696766402786
prior,weak_or_deterministic,8357,0.975,0.19546090781843636
prior,weak_or_deterministic,8357,0.925,0.08638272345530892
prior,weak_or_deterministic,8357,0.875,0.013597280543891218
prior,weak_or_deterministic,8357,0.825,0.013597280543891218
prior,weak_or_deterministic,8357,0.775,0.02269546090781844
prior,weak_or_deterministic,8357,0.725,0.06818636272745451
prior,weak_or_deterministic,8357,0.675,0.05458908218356329
prior,weak_or_deterministic,8357,0.625,0.009098180363927216
prior,weak_or_deterministic,8357,0.575,0.004599080183963209
prior,weak_or_deterministic,8357,0.525,0.03179364127174565
prior,weak_or_deterministic,8357,0.475,0.013597280543891218
prior,weak_or_deterministic,8357,0.425,0.009098180363927216
prior,weak_or_deterministic,8357,0.375,0.013597280543891218
prior,weak_or_deterministic,8357,0.325,0.040891821635672856
prior,weak_or_deterministic,8357,0.275,0.06818636272745451
prior,weak_or_deterministic,8357,0.225,0.08638272345530892
prior,weak_or_deterministic,8357,0.175,0.17726454709058193
prior,weak_or_deterministic,8357,0.125,0.08178364327134573
prior,weak_or_deterministic,8357,0.075,0.004599080183963209
prior,weak_or_deterministic,8357,0.025,0.004599080183963209
literal,weak_or_deterministic,8357,0.025,0.00021894565292925473
literal,weak_or_deterministic,8357,0.075,0.0006130478282019128
literal,weak_or_deterministic,8357,0.125,0.018688439383944037
literal,weak_or_deterministic,8357,0.175,0.057384703695136215
literal,weak_or_deterministic,8357,0.225,0.0361888606163415
literal,weak_or_deterministic,8357,0.275,0.03505795872208085
literal,weak_or_deterministic,8357,0.325,0.024917919178592048
literal,weak_or_deterministic,8357,0.375,0.00958030022208704
literal,weak_or_deterministic,8357,0.425,0.0072766111782227045
literal,weak_or_deterministic,8357,0.475,0.012169570552380826
literal,weak_or_deterministic,8357,0.525,0.031482481015983985
literal,weak_or_deterministic,8357,0.575,0.0049919608867870086
literal,weak_or_deterministic,8357,0.625,0.01074166412023353
literal,weak_or_deterministic,8357,0.675,0.0696475641344174
literal,weak_or_deterministic,8357,0.725,0.09348788992554892
literal,weak_or_deterministic,8357,0.775,0.033277835370003866
literal,weak_or_deterministic,8357,0.825,0.021232016708409112
literal,weak_or_deterministic,8357,0.875,0.02252665187355602
literal,weak_or_deterministic,8357,0.925,0.15133523530470086
literal,weak_or_deterministic,8357,0.975,0.3591803436304429
pragmatic_unlifted,weak_or_deterministic,8357,0.025,0.00000795901706574224
pragmatic_unlifted,weak_or_deterministic,8357,0.075,0.00006237227631715478
pragmatic_unlifted,weak_or_deterministic,8357,0.125,0.003256454994376261
pragmatic_unlifted,weak_or_deterministic,8357,0.175,0.014145335691344617
pragmatic_unlifted,weak_or_deterministic,8357,0.225,0.011522053652290209
pragmatic_unlifted,weak_or_deterministic,8357,0.275,0.013665790084967468
pragmatic_unlifted,weak_or_deterministic,8357,0.325,0.011478566115012512
pragmatic_unlifted,weak_or_deterministic,8357,0.375,0.005085569299718614
pragmatic_unlifted,weak_or_deterministic,8357,0.425,0.004367807306239618
pragmatic_unlifted,weak_or_deterministic,8357,0.475,0.008139172063356187
pragmatic_unlifted,weak_or_deterministic,8357,0.525,0.02318462187903897
pragmatic_unlifted,weak_or_deterministic,8357,0.575,0.004008628175984119
pragmatic_unlifted,weak_or_deterministic,8357,0.625,0.009329096887131336
pragmatic_unlifted,weak_or_deterministic,8357,0.675,0.06496682588974298
pragmatic_unlifted,weak_or_deterministic,8357,0.725,0.09309897658061632
pragmatic_unlifted,weak_or_deterministic,8357,0.775,0.03519365361132647
pragmatic_unlifted,weak_or_deterministic,8357,0.825,0.02373583530901411
pragmatic_unlifted,weak_or_deterministic,8357,0.875,0.026510607336336242
pragmatic_unlifted,weak_or_deterministic,8357,0.925,0.1867943824119606
pragmatic_unlifted,weak_or_deterministic,8357,0.975,0.46144629141816057
fixed_0.05,weak_or_deterministic,8357,0.075,0.004620329449578146
fixed_0.05,weak_or_deterministic,8357,0.125,0.08216151064684613
fixed_0.05,weak_or_deterministic,8357,0.175,0.17808356769787073
fixed_0.05,weak_or_deterministic,8357,0.225,0.08678184009642427
fixed_0.05,weak_or_deterministic,8357,0.275,0.06850140618722379
fixed_0.05,weak_or_deterministic,8357,0.325,0.041080755323423056
fixed_0.05,weak_or_deterministic,8357,0.375,0.013660104459622336
fixed_0.05,weak_or_deterministic,8357,0.425,0.009140216954600242
fixed_0.05,weak_or_deterministic,8357,0.475,0.013660104459622336
fixed_0.05,weak_or_deterministic,8357,0.525,0.031940538368822824
fixed_0.05,weak_or_deterministic,8357,0.575,0.004620329449578146
fixed_0.05,weak_or_deterministic,8357,0.625,0.009140216954600242
fixed_0.05,weak_or_deterministic,8357,0.675,0.054841301727601446
fixed_0.05,weak_or_deterministic,8357,0.725,0.06850140618722379
fixed_0.05,weak_or_deterministic,8357,0.775,0.022800321414222585
fixed_0.05,weak_or_deterministic,8357,0.825,0.013660104459622336
fixed_0.05,weak_or_deterministic,8357,0.875,0.013660104459622336
fixed_0.05,weak_or_deterministic,8357,0.925,0.08678184009642427
fixed_0.05,weak_or_deterministic,8357,0.975,0.19636400160707124
fixed_0.1,weak_or_deterministic,8357,0.125,0.08254288597376387
fixed_0.1,weak_or_deterministic,8357,0.175,0.17891019172552983
fixed_0.1,weak_or_deterministic,8357,0.225,0.08718466195761856
fixed_0.1,weak_or_deterministic,8357,0.275,0.06881937436932392
fixed_0.1,weak_or_deterministic,8357,0.325,0.041271442986881936
fixed_0.1,weak_or_deterministic,8357,0.375,0.013723511604439957
fixed_0.1,weak_or_deterministic,8357,0.425,0.009182643794147327
fixed_0.1,weak_or_deterministic,8357,0.475,0.013723511604439957
fixed_0.1,weak_or_deterministic,8357,0.525,0.032088799192734614
fixed_0.1,weak_or_deterministic,8357,0.575,0.004641775983854695
fixed_0.1,weak_or_deterministic,8357,0.625,0.009182643794147327
fixed_0.1,weak_or_deterministic,8357,0.675,0.05509586276488396
fixed_0.1,weak_or_deterministic,8357,0.725,0.06881937436932392
fixed_0.1,weak_or_deterministic,8357,0.775,0.022906155398587293
fixed_0.1,weak_or_deterministic,8357,0.825,0.013723511604439957
fixed_0.1,weak_or_deterministic,8357,0.875,0.013723511604439957
fixed_0.1,weak_or_deterministic,8357,0.925,0.08718466195761856
fixed_0.1,weak_or_deterministic,8357,0.975,0.1972754793138245
fixed_0.3,weak_or_deterministic,8357,0.325,0.07084704659622379
fixed_0.3,weak_or_deterministic,8357,0.375,0.02355794214446561
fixed_0.3,weak_or_deterministic,8357,0.425,0.01576303481725273
fixed_0.3,weak_or_deterministic,8357,0.475,0.02355794214446561
fixed_0.3,weak_or_deterministic,8357,0.525,0.05508401177897108
fixed_0.3,weak_or_deterministic,8357,0.575,0.007968127490039844
fixed_0.3,weak_or_deterministic,8357,0.625,0.01576303481725273
fixed_0.3,weak_or_deterministic,8357,0.675,0.09457820890351637
fixed_0.3,weak_or_deterministic,8357,0.725,0.11813615104798202
fixed_0.3,weak_or_deterministic,8357,0.775,0.03932097696171835
fixed_0.3,weak_or_deterministic,8357,0.825,0.02355794214446561
fixed_0.3,weak_or_deterministic,8357,0.875,0.02355794214446561
fixed_0.3,weak_or_deterministic,8357,0.925,0.14966222068248744
fixed_0.3,weak_or_deterministic,8357,0.975,0.33864541832669337
prior,weak_or_half,8357,0.975,0.004599080183963205
prior,weak_or_half,8357,0.925,0.01819636072785443
prior,weak_or_half,8357,0.875,0.004599080183963205
prior,weak_or_half,8357,0.825,0.004599080183963205
prior,weak_or_half,8357,0.775,0.027294541091781654
prior,weak_or_half,8357,0.725,0.013597280543891218
prior,weak_or_half,8357,0.675,0.02269546090781844
prior,weak_or_half,8357,0.625,0.01819636072785443
prior,weak_or_half,8357,0.575,0.0590881823635273
prior,weak_or_half,8357,0.525,0.0635872825434913
prior,weak_or_half,8357,0.475,0.14997000599880025
prior,weak_or_half,8357,0.425,0.08638272345530897
prior,weak_or_half,8357,0.375,0.0635872825434913
prior,weak_or_half,8357,0.325,0.07268546290741854
prior,weak_or_half,8357,0.275,0.17726454709058198
prior,weak_or_half,8357,0.225,0.10907818436312738
prior,weak_or_half,8357,0.175,0.06818636272745451
prior,weak_or_half,8357,0.125,0.01819636072785443
prior,weak_or_half,8357,0.075,0.013597280543891218
prior,weak_or_half,8357,0.025,0.004599080183963205
literal,weak_or_half,8357,0.025,0.0002923798191821497
literal,weak_or_half,8357,0.075,0.0024203964161861446
literal,weak_or_half,8357,0.125,0.00555267413125057
literal,weak_or_half,8357,0.175,0.029476970639981268
literal,weak_or_half,8357,0.225,0.06102348191313013
literal,weak_or_half,8357,0.275,0.12170882020929316
literal,weak_or_half,8357,0.325,0.05914716620394381
literal,weak_or_half,8357,0.375,0.059828538304298746
literal,weak_or_half,8357,0.425,0.09225981633462489
literal,weak_or_half,8357,0.475,0.17924154132470943
literal,weak_or_half,8357,0.525,0.08408335113036586
literal,weak_or_half,8357,0.575,0.08564694755468777
literal,weak_or_half,8357,0.625,0.028688816344794643
literal,weak_or_half,8357,0.675,0.038667866695141946
literal,weak_or_half,8357,0.725,0.024895505995057493
literal,weak_or_half,8357,0.775,0.053444488513286814
literal,weak_or_half,8357,0.825,0.00959005806917452
literal,weak_or_half,8357,0.875,0.010174817707538818
literal,weak_or_half,8357,0.925,0.042570501672921084
literal,weak_or_half,8357,0.975,0.011285861020430988
pragmatic_unlifted,weak_or_half,8357,0.025,0.000016208051087106633
pragmatic_unlifted,weak_or_half,8357,0.075,0.00037540499902289455
pragmatic_unlifted,weak_or_half,8357,0.125,0.0014739107810624523
pragmatic_unlifted,weak_or_half,8357,0.175,0.01105633288418932
pragmatic_unlifted,weak_or_half,8357,0.225,0.029519758768987308
pragmatic_unlifted,weak_or_half,8357,0.275,0.07194802280546983
pragmatic_unlifted,weak_or_half,8357,0.325,0.04122757445980513
pragmatic_unlifted,weak_or_half,8357,0.375,0.04793154235293752
pragmatic_unlifted,weak_or_half,8357,0.425,0.08333428835197434
pragmatic_unlifted,weak_or_half,8357,0.475,0.17980403074546442
pragmatic_unlifted,weak_or_half,8357,0.525,0.0925413487772703
pragmatic_unlifted,weak_or_half,8357,0.575,0.10238493294131219
pragmatic_unlifted,weak_or_half,8357,0.625,0.03693661182942863
pragmatic_unlifted,weak_or_half,8357,0.675,0.053231370068891365
pragmatic_unlifted,weak_or_half,8357,0.725,0.03641520621487574
pragmatic_unlifted,weak_or_half,8357,0.775,0.0826070647391389
pragmatic_unlifted,weak_or_half,8357,0.825,0.01558731966767855
pragmatic_unlifted,weak_or_half,8357,0.875,0.017315098596474756
pragmatic_unlifted,weak_or_half,8357,0.925,0.07555441261718283
pragmatic_unlifted,weak_or_half,8357,0.975,0.02073956034774618
fixed_0.05,weak_or_half,8357,0.075,0.013660104459622336
fixed_0.05,weak_or_half,8357,0.125,0.018280433909200484
fixed_0.05,weak_or_half,8357,0.175,0.06850140618722377
fixed_0.05,weak_or_half,8357,0.225,0.10958216151064681
fixed_0.05,weak_or_half,8357,0.275,0.17808356769787065
fixed_0.05,weak_or_half,8357,0.325,0.07302129369224587
fixed_0.05,weak_or_half,8357,0.375,0.06388107673764562
fixed_0.05,weak_or_half,8357,0.425,0.08678184009642427
fixed_0.05,weak_or_half,8357,0.475,0.15066291683406982
fixed_0.05,weak_or_half,8357,0.525,0.06388107673764562
fixed_0.05,weak_or_half,8357,0.575,0.05936118923262353
fixed_0.05,weak_or_half,8357,0.625,0.018280433909200484
fixed_0.05,weak_or_half,8357,0.675,0.022800321414222575
fixed_0.05,weak_or_half,8357,0.725,0.013660104459622336
fixed_0.05,weak_or_half,8357,0.775,0.027420650863800723
fixed_0.05,weak_or_half,8357,0.825,0.0046203294495781415
fixed_0.05,weak_or_half,8357,0.875,0.0046203294495781415
fixed_0.05,weak_or_half,8357,0.925,0.018280433909200484
fixed_0.05,weak_or_half,8357,0.975,0.0046203294495781415
fixed_0.1,weak_or_half,8357,0.125,0.01853360488798371
fixed_0.1,weak_or_half,8357,0.175,0.0694501018329939
fixed_0.1,weak_or_half,8357,0.225,0.11109979633401224
fixed_0.1,weak_or_half,8357,0.275,0.18054989816700617
fixed_0.1,weak_or_half,8357,0.325,0.07403258655804482
fixed_0.1,weak_or_half,8357,0.375,0.06476578411405295
fixed_0.1,weak_or_half,8357,0.425,0.08798370672097763
fixed_0.1,weak_or_half,8357,0.475,0.15274949083503053
fixed_0.1,weak_or_half,8357,0.525,0.06476578411405295
fixed_0.1,weak_or_half,8357,0.575,0.06018329938900205
fixed_0.1,weak_or_half,8357,0.625,0.01853360488798371
fixed_0.1,weak_or_half,8357,0.675,0.02311608961303463
fixed_0.1,weak_or_half,8357,0.725,0.01384928716904276
fixed_0.1,weak_or_half,8357,0.775,0.02780040733197557
fixed_0.1,weak_or_half,8357,0.825,0.004684317718940932
fixed_0.1,weak_or_half,8357,0.875,0.004684317718940932
fixed_0.1,weak_or_half,8357,0.925,0.01853360488798371
fixed_0.1,weak_or_half,8357,0.975,0.004684317718940932
fixed_0.3,weak_or_half,8357,0.325,0.11933683519369669
fixed_0.3,weak_or_half,8357,0.375,0.10439921208141828
fixed_0.3,weak_or_half,8357,0.425,0.14182534471437955
fixed_0.3,weak_or_half,8357,0.475,0.24622455679579777
fixed_0.3,weak_or_half,8357,0.525,0.10439921208141828
fixed_0.3,weak_or_half,8357,0.575,0.09701247537754434
fixed_0.3,weak_or_half,8357,0.625,0.029875246224556805
fixed_0.3,weak_or_half,8357,0.675,0.03726198292843074
fixed_0.3,weak_or_half,8357,0.725,0.022324359816152328
fixed_0.3,weak_or_half,8357,0.775,0.04481286933683522
fixed_0.3,weak_or_half,8357,0.825,0.007550886408404462
fixed_0.3,weak_or_half,8357,0.875,0.007550886408404462
fixed_0.3,weak_or_half,8357,0.925,0.029875246224556805
fixed_0.3,weak_or_half,8357,0.975,0.007550886408404462
prior,weak_or_strong,8357,0.975,0.004599540045995401
prior,weak_or_strong,8357,0.925,0.004599540045995401
prior,weak_or_strong,8357,0.875,0.004599540045995401
prior,weak_or_strong,8357,0.825,0.04539546045395462
prior,weak_or_strong,8357,0.775,0.027297270272972716
prior,weak_or_strong,8357,0.725,0.09999000099990003
prior,weak_or_strong,8357,0.675,0.12268773122687734
prior,weak_or_strong,8357,0.625,0.040895910408959124
prior,weak_or_strong,8357,0.575,0.022697730226977308
prior,weak_or_strong,8357,0.525,0.031796820317968204
prior,weak_or_strong,8357,0.475,0.07729227077292271
prior,weak_or_strong,8357,0.425,0.04539546045395462
prior,weak_or_strong,8357,0.375,0.05459454054594541
prior,weak_or_strong,8357,0.325,0.04539546045395462
prior,weak_or_strong,8357,0.275,0.07269273072692733
prior,weak_or_strong,8357,0.225,0.1817818218178182
prior,weak_or_strong,8357,0.175,0.04999500049995001
prior,weak_or_strong,8357,0.125,0.05459454054594541
prior,weak_or_strong,8357,0.075,0.004599540045995401
prior,weak_or_strong,8357,0.025,0.009099090090990898
literal,weak_or_strong,8357,0.025,0.0005108691624777261
literal,weak_or_strong,8357,0.075,0.0007230763530453966
literal,weak_or_strong,8357,0.125,0.014713031879358525
literal,weak_or_strong,8357,0.175,0.019087419257409546
literal,weak_or_strong,8357,0.225,0.08981416713168858
literal,weak_or_strong,8357,0.275,0.0440784650121991
literal,weak_or_strong,8357,0.325,0.0326237678790172
literal,weak_or_strong,8357,0.375,0.04536518162802213
literal,weak_or_strong,8357,0.425,0.042818695341210036
literal,weak_or_strong,8357,0.475,0.08158412106364074
literal,weak_or_strong,8357,0.525,0.03713288998123822
literal,weak_or_strong,8357,0.575,0.029055543267249705
literal,weak_or_strong,8357,0.625,0.05694338559169319
literal,weak_or_strong,8357,0.675,0.18460678232145694
literal,weak_or_strong,8357,0.725,0.16168166900394
literal,weak_or_strong,8357,0.775,0.04720431061294196
literal,weak_or_strong,8357,0.825,0.08359840518998155
literal,weak_or_strong,8357,0.875,0.008986806102135666
literal,weak_or_strong,8357,0.925,0.009503289211453811
literal,weak_or_strong,8357,0.975,0.009968124009840127
pragmatic_unlifted,weak_or_strong,8357,0.025,0.00002405444020579463
pragmatic_unlifted,weak_or_strong,8357,0.075,0.00009527347218115479
pragmatic_unlifted,weak_or_strong,8357,0.125,0.0033189857801187023
pragmatic_unlifted,weak_or_strong,8357,0.175,0.006087694547273349
pragmatic_unlifted,weak_or_strong,8357,0.225,0.03697118282734027
pragmatic_unlifted,weak_or_strong,8357,0.275,0.0221938098238734
pragmatic_unlifted,weak_or_strong,8357,0.325,0.019390151907431166
pragmatic_unlifted,weak_or_strong,8357,0.375,0.03103059782955662
pragmatic_unlifted,weak_or_strong,8357,0.425,0.033070011350191775
pragmatic_unlifted,weak_or_strong,8357,0.475,0.07009107735226827
pragmatic_unlifted,weak_or_strong,8357,0.525,0.035063537842195486
pragmatic_unlifted,weak_or_strong,8357,0.575,0.029858236745849108
pragmatic_unlifted,weak_or_strong,8357,0.625,0.06315388798938042
pragmatic_unlifted,weak_or_strong,8357,0.675,0.21940009815570802
pragmatic_unlifted,weak_or_strong,8357,0.725,0.20464820070788303
pragmatic_unlifted,weak_or_strong,8357,0.775,0.06329148609165985
pragmatic_unlifted,weak_or_strong,8357,0.825,0.11817025604019883
pragmatic_unlifted,weak_or_strong,8357,0.875,0.01333573550706631
pragmatic_unlifted,weak_or_strong,8357,0.925,0.01474790598359154
pragmatic_unlifted,weak_or_strong,8357,0.975,0.016057815606026937
fixed_0.05,weak_or_strong,8357,0.075,0.004641775983854695
fixed_0.05,weak_or_strong,8357,0.125,0.05509586276488396
fixed_0.05,weak_or_strong,8357,0.175,0.050454086781029264
fixed_0.05,weak_or_strong,8357,0.225,0.1834510595358224
fixed_0.05,weak_or_strong,8357,0.275,0.07336024217961656
fixed_0.05,weak_or_strong,8357,0.325,0.045812310797174585
fixed_0.05,weak_or_strong,8357,0.375,0.05509586276488396
fixed_0.05,weak_or_strong,8357,0.425,0.045812310797174585
fixed_0.05,weak_or_strong,8357,0.475,0.07800201816347123
fixed_0.05,weak_or_strong,8357,0.525,0.032088799192734614
fixed_0.05,weak_or_strong,8357,0.575,0.022906155398587293
fixed_0.05,weak_or_strong,8357,0.625,0.04127144298688196
fixed_0.05,weak_or_strong,8357,0.675,0.12381432896064584
fixed_0.05,weak_or_strong,8357,0.725,0.10090817356205854
fixed_0.05,weak_or_strong,8357,0.775,0.02754793138244199
fixed_0.05,weak_or_strong,8357,0.825,0.045812310797174585
fixed_0.05,weak_or_strong,8357,0.875,0.004641775983854695
fixed_0.05,weak_or_strong,8357,0.925,0.004641775983854695
fixed_0.05,weak_or_strong,8357,0.975,0.004641775983854695
fixed_0.1,weak_or_strong,8357,0.125,0.055352798053527975
fixed_0.1,weak_or_strong,8357,0.175,0.05068937550689375
fixed_0.1,weak_or_strong,8357,0.225,0.18430656934306563
fixed_0.1,weak_or_strong,8357,0.275,0.07370235198702353
fixed_0.1,weak_or_strong,8357,0.325,0.046025952960259534
fixed_0.1,weak_or_strong,8357,0.375,0.055352798053527975
fixed_0.1,weak_or_strong,8357,0.425,0.046025952960259534
fixed_0.1,weak_or_strong,8357,0.475,0.07836577453365773
fixed_0.1,weak_or_strong,8357,0.525,0.032238442822384424
fixed_0.1,weak_or_strong,8357,0.575,0.023012976480129767
fixed_0.1,weak_or_strong,8357,0.625,0.0414639091646391
fixed_0.1,weak_or_strong,8357,0.675,0.12439172749391729
fixed_0.1,weak_or_strong,8357,0.725,0.10137875101378752
fixed_0.1,weak_or_strong,8357,0.775,0.027676399026763998
fixed_0.1,weak_or_strong,8357,0.825,0.046025952960259534
fixed_0.1,weak_or_strong,8357,0.875,0.004663422546634225
fixed_0.1,weak_or_strong,8357,0.925,0.004663422546634225
fixed_0.1,weak_or_strong,8357,0.975,0.004663422546634225
fixed_0.3,weak_or_strong,8357,0.325,0.07237366491311975
fixed_0.3,weak_or_strong,8357,0.375,0.08703969392635104
fixed_0.3,weak_or_strong,8357,0.425,0.07237366491311975
fixed_0.3,weak_or_strong,8357,0.475,0.12322652638291089
fixed_0.3,weak_or_strong,8357,0.525,0.05069344811095171
fixed_0.3,weak_or_strong,8357,0.575,0.03618683245655987
fixed_0.3,weak_or_strong,8357,0.625,0.06520006376534357
fixed_0.3,weak_or_strong,8357,0.675,0.19560019129603062
fixed_0.3,weak_or_strong,8357,0.725,0.15941335883947075
fixed_0.3,weak_or_strong,8357,0.775,0.04351984696317553
fixed_0.3,weak_or_strong,8357,0.825,0.07237366491311975
fixed_0.3,weak_or_strong,8357,0.875,0.007333014506615655
fixed_0.3,weak_or_strong,8357,0.925,0.007333014506615655
fixed_0.3,weak_or_strong,8357,0.975,0.007333014506615655
prior,half_or_deterministic,8358,0.975,0.23170731707317074
prior,half_or_deterministic,8358,0.925,0.0817672930827669
prior,half_or_deterministic,8358,0.875,0.036385445821671344
prior,half_or_deterministic,8358,0.825,0.06357457017193124
prior,half_or_deterministic,8358,0.775,0.009096361455417834
prior,half_or_deterministic,8358,0.725,0.018192722910835672
prior,half_or_deterministic,8358,0.675,0.022690923630547775
prior,half_or_deterministic,8358,0.625,0.054578168732507
prior,half_or_deterministic,8358,0.575,0.027289084366253498
prior,half_or_deterministic,8358,0.525,0.059076369452219106
prior,half_or_deterministic,8358,0.475,0.2998800479808077
prior,half_or_deterministic,8358,0.425,0.04998000799680129
prior,half_or_deterministic,8358,0.375,0.004598160735705716
prior,half_or_deterministic,8358,0.325,0.004598160735705716
prior,half_or_deterministic,8358,0.275,0.013594562175129946
prior,half_or_deterministic,8358,0.225,0.004598160735705716
prior,half_or_deterministic,8358,0.175,0.004598160735705716
prior,half_or_deterministic,8358,0.125,0.004598160735705716
prior,half_or_deterministic,8358,0.075,0.004598160735705716
prior,half_or_deterministic,8358,0.025,0.004598160735705716
literal,half_or_deterministic,8358,0.025,0.00017167843285955016
literal,half_or_deterministic,8358,0.075,0.0004806996120067405
literal,half_or_deterministic,8358,0.125,0.0008240564777258418
literal,half_or_deterministic,8358,0.175,0.0011674133434449421
literal,half_or_deterministic,8358,0.225,0.0015107702091640444
literal,half_or_deterministic,8358,0.275,0.005481767004002344
literal,half_or_deterministic,8358,0.325,0.0021974839406022468
literal,half_or_deterministic,8358,0.375,0.0025408408063213477
literal,half_or_deterministic,8358,0.425,0.031349974696091826
literal,half_or_deterministic,8358,0.475,0.21049268724518802
literal,half_or_deterministic,8358,0.525,0.045878448683823556
literal,half_or_deterministic,8358,0.575,0.023230331249804084
literal,half_or_deterministic,8358,0.625,0.050536159210100115
literal,half_or_deterministic,8358,0.675,0.02270484595966006
literal,half_or_deterministic,8358,0.725,0.01956238421036131
literal,half_or_deterministic,8358,0.775,0.010460441556929323
literal,half_or_deterministic,8358,0.825,0.07785542287383727
literal,half_or_deterministic,8358,0.875,0.047275761841706544
literal,half_or_deterministic,8358,0.925,0.11234636646328988
literal,half_or_deterministic,8358,0.975,0.3339324661830809
pragmatic_unlifted,half_or_deterministic,8358,0.025,0.0000059476821826903655
pragmatic_unlifted,half_or_deterministic,8358,0.075,0.000046617683430368766
pragmatic_unlifted,half_or_deterministic,8358,0.125,0.0001369196594173981
pragmatic_unlifted,half_or_deterministic,8358,0.175,0.0002745477523980541
pragmatic_unlifted,half_or_deterministic,8358,0.225,0.0004592514272819655
pragmatic_unlifted,half_or_deterministic,8358,0.275,0.002042056248038987
pragmatic_unlifted,half_or_deterministic,8358,0.325,0.0009684616307232852
pragmatic_unlifted,half_or_deterministic,8358,0.375,0.0012920502469505794
pragmatic_unlifted,half_or_deterministic,8358,0.425,0.018053073140222534
pragmatic_unlifted,half_or_deterministic,8358,0.475,0.13528069504514623
pragmatic_unlifted,half_or_deterministic,8358,0.525,0.03252536824044228
pragmatic_unlifted,half_or_deterministic,8358,0.575,0.017993831549729732
pragmatic_unlifted,half_or_deterministic,8358,0.625,0.042427342777235706
pragmatic_unlifted,half_or_deterministic,8358,0.675,0.020520144450317305
pragmatic_unlifted,half_or_deterministic,8358,0.725,0.018921454937269995
pragmatic_unlifted,half_or_deterministic,8358,0.775,0.010772928244169588
pragmatic_unlifted,half_or_deterministic,8358,0.825,0.08499036931552441
pragmatic_unlifted,half_or_deterministic,8358,0.875,0.054485588382374356
pragmatic_unlifted,half_or_deterministic,8358,0.925,0.1362110171843551
pragmatic_unlifted,half_or_deterministic,8358,0.975,0.42259233440278915
fixed_0.05,half_or_deterministic,8358,0.075,0.004619401486242217
fixed_0.05,half_or_deterministic,8358,0.125,0.004619401486242217
fixed_0.05,half_or_deterministic,8358,0.175,0.004619401486242217
fixed_0.05,half_or_deterministic,8358,0.225,0.004619401486242217
fixed_0.05,half_or_deterministic,8358,0.275,0.013657360915846557
fixed_0.05,half_or_deterministic,8358,0.325,0.004619401486242217
fixed_0.05,half_or_deterministic,8358,0.375,0.004619401486242217
fixed_0.05,half_or_deterministic,8358,0.425,0.0502108857200241
fixed_0.05,half_or_deterministic,8358,0.475,0.3012653143201446
fixed_0.05,half_or_deterministic,8358,0.525,0.05934926692106847
fixed_0.05,half_or_deterministic,8358,0.575,0.027415143603133154
fixed_0.05,half_or_deterministic,8358,0.625,0.054830287206266315
fixed_0.05,half_or_deterministic,8358,0.675,0.022795742116890935
fixed_0.05,half_or_deterministic,8358,0.725,0.01827676240208878
fixed_0.05,half_or_deterministic,8358,0.775,0.00913838120104439
fixed_0.05,half_or_deterministic,8358,0.825,0.06386824663587065
fixed_0.05,half_or_deterministic,8358,0.875,0.03655352480417755
fixed_0.05,half_or_deterministic,8358,0.925,0.08214500903795942
fixed_0.05,half_or_deterministic,8358,0.975,0.2327776661980317
fixed_0.1,half_or_deterministic,8358,0.125,0.004640839386602094
fixed_0.1,half_or_deterministic,8358,0.175,0.004640839386602094
fixed_0.1,half_or_deterministic,8358,0.225,0.004640839386602094
fixed_0.1,half_or_deterministic,8358,0.275,0.013720742534301847
fixed_0.1,half_or_deterministic,8358,0.325,0.004640839386602094
fixed_0.1,half_or_deterministic,8358,0.375,0.004640839386602094
fixed_0.1,half_or_deterministic,8358,0.425,0.050443906376109765
fixed_0.1,half_or_deterministic,8358,0.475,0.3026634382566586
fixed_0.1,half_or_deterministic,8358,0.525,0.05962469733656173
fixed_0.1,half_or_deterministic,8358,0.575,0.02754237288135593
fixed_0.1,half_or_deterministic,8358,0.625,0.05508474576271186
fixed_0.1,half_or_deterministic,8358,0.675,0.02290153349475383
fixed_0.1,half_or_deterministic,8358,0.725,0.01836158192090396
fixed_0.1,half_or_deterministic,8358,0.775,0.009180790960451974
fixed_0.1,half_or_deterministic,8358,0.825,0.06416464891041163
fixed_0.1,half_or_deterministic,8358,0.875,0.03672316384180792
fixed_0.1,half_or_deterministic,8358,0.925,0.08252623083131558
fixed_0.1,half_or_deterministic,8358,0.975,0.23385794995964485
fixed_0.3,half_or_deterministic,8358,0.325,0.004772774434529985
fixed_0.3,half_or_deterministic,8358,0.375,0.004772774434529985
fixed_0.3,half_or_deterministic,8358,0.425,0.051877982984021576
fixed_0.3,half_or_deterministic,8358,0.475,0.31126789790412945
fixed_0.3,half_or_deterministic,8358,0.525,0.06131977588711349
fixed_0.3,half_or_deterministic,8358,0.575,0.02832537870927578
fixed_0.3,half_or_deterministic,8358,0.625,0.056650757418551564
fixed_0.3,half_or_deterministic,8358,0.675,0.02355260427474579
fixed_0.3,half_or_deterministic,8358,0.725,0.018883585806183857
fixed_0.3,half_or_deterministic,8358,0.775,0.009441792903091932
fixed_0.3,half_or_deterministic,8358,0.825,0.06598879435567545
fixed_0.3,half_or_deterministic,8358,0.875,0.037767171612367714
fixed_0.3,half_or_deterministic,8358,0.925,0.0848723801618593
fixed_0.3,half_or_deterministic,8358,0.975,0.240506329113924
prior,rare_deterministic,8358,0.975,0.22269999999999998
prior,rare_deterministic,8358,0.925,0.11359999999999999
prior,rare_deterministic,8358,0.875,0.0864
prior,rare_deterministic,8358,0.825,0.004600000000000001
prior,rare_deterministic,8358,0.775,0.013600000000000004
prior,rare_deterministic,8358,0.725,0.022700000000000005
prior,rare_deterministic,8358,0.675,0.009099999999999997
prior,rare_deterministic,8358,0.625,0.013600000000000004
prior,rare_deterministic,8358,0.575,0.009099999999999997
prior,rare_deterministic,8358,0.525,0.022700000000000005
prior,rare_deterministic,8358,0.475,0.10000000000000002
prior,rare_deterministic,8358,0.425,0.009099999999999997
prior,rare_deterministic,8358,0.375,0.009099999999999997
prior,rare_deterministic,8358,0.325,0.013600000000000004
prior,rare_deterministic,8358,0.275,0.013600000000000004
prior,rare_deterministic,8358,0.225,0.004600000000000001
prior,rare_deterministic,8358,0.175,0.0273
prior,rare_deterministic,8358,0.125,0.004600000000000001
prior,rare_deterministic,8358,0.075,0.0409
prior,rare_deterministic,8358,0.025,0.2591
literal,rare_deterministic,8358,0.025,0.012119891028567573
literal,rare_deterministic,8358,0.075,0.005356888925478804
literal,rare_deterministic,8358,0.125,0.0010328336314580158
literal,rare_deterministic,8358,0.175,0.00868366102100843
literal,rare_deterministic,8358,0.225,0.0018935283243396986
literal,rare_deterministic,8358,0.275,0.0068705889396989805
literal,rare_deterministic,8358,0.325,0.008142920224828425
literal,rare_deterministic,8358,0.375,0.006299910936810038
literal,rare_deterministic,8358,0.425,0.007151250252595173
literal,rare_deterministic,8358,0.475,0.08794054470747598
literal,rare_deterministic,8358,0.525,0.02208617424951167
literal,rare_deterministic,8358,0.575,0.009705268199950604
literal,rare_deterministic,8358,0.625,0.01577690793560508
literal,rare_deterministic,8358,0.675,0.011407946831520892
literal,rare_deterministic,8358,0.725,0.03058085665316998
literal,rare_deterministic,8358,0.775,0.0195939017909934
literal,rare_deterministic,8358,0.825,0.007057696481629792
literal,rare_deterministic,8358,0.875,0.14064499711854384
literal,rare_deterministic,8358,0.925,0.19554983422271766
literal,rare_deterministic,8358,0.975,0.40210439852409585
pragmatic_unlifted,rare_deterministic,8358,0.025,0.0003967345581975894
pragmatic_unlifted,rare_deterministic,8358,0.075,0.0004907885664125275
pragmatic_unlifted,rare_deterministic,8358,0.125,0.0001620694169716453
pragmatic_unlifted,rare_deterministic,8358,0.175,0.0019277028738740247
pragmatic_unlifted,rare_deterministic,8358,0.225,0.0005429698028776416
pragmatic_unlifted,rare_deterministic,8358,0.275,0.002412275836836716
pragmatic_unlifted,rare_deterministic,8358,0.325,0.0033789677021856582
pragmatic_unlifted,rare_deterministic,8358,0.375,0.0030128185086403503
pragmatic_unlifted,rare_deterministic,8358,0.425,0.003867687226751541
pragmatic_unlifted,rare_deterministic,8358,0.475,0.053002073466389604
pragmatic_unlifted,rare_deterministic,8358,0.525,0.014659544539610506
pragmatic_unlifted,rare_deterministic,8358,0.575,0.007025505422273964
pragmatic_unlifted,rare_deterministic,8358,0.625,0.012354295886651568
pragmatic_unlifted,rare_deterministic,8358,0.675,0.009596432807576225
pragmatic_unlifted,rare_deterministic,8358,0.725,0.02746945521602869
pragmatic_unlifted,rare_deterministic,8358,0.775,0.018695657018841936
pragmatic_unlifted,rare_deterministic,8358,0.825,0.00712019077448056
pragmatic_unlifted,rare_deterministic,8358,0.875,0.14940753360444087
pragmatic_unlifted,rare_deterministic,8358,0.925,0.21793192781273188
pragmatic_unlifted,rare_deterministic,8358,0.975,0.4665453689582268
fixed_0.05,rare_deterministic,8358,0.075,0.05520313132676475
fixed_0.05,rare_deterministic,8358,0.125,0.006208665136995544
fixed_0.05,rare_deterministic,8358,0.175,0.036847077878256175
fixed_0.05,rare_deterministic,8358,0.225,0.006208665136995544
fixed_0.05,rare_deterministic,8358,0.275,0.018356053448508578
fixed_0.05,rare_deterministic,8358,0.325,0.018356053448508578
fixed_0.05,rare_deterministic,8358,0.375,0.01228235929275205
fixed_0.05,rare_deterministic,8358,0.425,0.01228235929275205
fixed_0.05,rare_deterministic,8358,0.475,0.13497098123903364
fixed_0.05,rare_deterministic,8358,0.525,0.03063841274126064
fixed_0.05,rare_deterministic,8358,0.575,0.01228235929275205
fixed_0.05,rare_deterministic,8358,0.625,0.018356053448508578
fixed_0.05,rare_deterministic,8358,0.675,0.01228235929275205
fixed_0.05,rare_deterministic,8358,0.725,0.03063841274126064
fixed_0.05,rare_deterministic,8358,0.775,0.018356053448508578
fixed_0.05,rare_deterministic,8358,0.825,0.006208665136995544
fixed_0.05,rare_deterministic,8358,0.875,0.11661492779052506
fixed_0.05,rare_deterministic,8358,0.925,0.15332703468754214
fixed_0.05,rare_deterministic,8358,0.975,0.3005803752193278
fixed_0.1,rare_deterministic,8358,0.125,0.006571428571428573
fixed_0.1,rare_deterministic,8358,0.175,0.03900000000000001
fixed_0.1,rare_deterministic,8358,0.225,0.006571428571428573
fixed_0.1,rare_deterministic,8358,0.275,0.019428571428571437
fixed_0.1,rare_deterministic,8358,0.325,0.019428571428571437
fixed_0.1,rare_deterministic,8358,0.375,0.012999999999999998
fixed_0.1,rare_deterministic,8358,0.425,0.012999999999999998
fixed_0.1,rare_deterministic,8358,0.475,0.1428571428571429
fixed_0.1,rare_deterministic,8358,0.525,0.03242857142857144
fixed_0.1,rare_deterministic,8358,0.575,0.012999999999999998
fixed_0.1,rare_deterministic,8358,0.625,0.019428571428571437
fixed_0.1,rare_deterministic,8358,0.675,0.012999999999999998
fixed_0.1,rare_deterministic,8358,0.725,0.03242857142857144
fixed_0.1,rare_deterministic,8358,0.775,0.019428571428571437
fixed_0.1,rare_deterministic,8358,0.825,0.006571428571428573
fixed_0.1,rare_deterministic,8358,0.875,0.12342857142857144
fixed_0.1,rare_deterministic,8358,0.925,0.16228571428571428
fixed_0.1,rare_deterministic,8358,0.975,0.31814285714285706
fixed_0.3,rare_deterministic,8358,0.325,0.020926296353285127
fixed_0.3,rare_deterministic,8358,0.375,0.014002154177565767
fixed_0.3,rare_deterministic,8358,0.425,0.014002154177565767
fixed_0.3,rare_deterministic,8358,0.475,0.1538698261270965
fixed_0.3,rare_deterministic,8358,0.525,0.034928450530850905
fixed_0.3,rare_deterministic,8358,0.575,0.014002154177565767
fixed_0.3,rare_deterministic,8358,0.625,0.020926296353285127
fixed_0.3,rare_deterministic,8358,0.675,0.014002154177565767
fixed_0.3,rare_deterministic,8358,0.725,0.034928450530850905
fixed_0.3,rare_deterministic,8358,0.775,0.020926296353285127
fixed_0.3,rare_deterministic,8358,0.825,0.007078012001846434
fixed_0.3,rare_deterministic,8358,0.875,0.13294352977381135
fixed_0.3,rare_deterministic,8358,0.925,0.17479612248038157
fixed_0.3,rare_deterministic,8358,0.975,0.3426681027850438
prior,rare_half,8358,0.975,0.004598160735705716
prior,rare_half,8358,0.925,0.004598160735705716
prior,rare_half,8358,0.875,0.009096361455417834
prior,rare_half,8358,0.825,0.004598160735705716
prior,rare_half,8358,0.775,0.004598160735705716
prior,rare_half,8358,0.725,0.009096361455417834
prior,rare_half,8358,0.675,0.009096361455417834
prior,rare_half,8358,0.625,0.009096361455417834
prior,rare_half,8358,0.575,0.009096361455417834
prior,rare_half,8358,0.525,0.06817273090763694
prior,rare_half,8358,0.475,0.20451819272291086
prior,rare_half,8358,0.425,0.07267093162734906
prior,rare_half,8358,0.375,0.06817273090763694
prior,rare_half,8358,0.325,0.027289084366253498
prior,rare_half,8358,0.275,0.018192722910835655
prior,rare_half,8358,0.225,0.009096361455417834
prior,rare_half,8358,0.175,0.022690923630547775
prior,rare_half,8358,0.125,0.009096361455417834
prior,rare_half,8358,0.075,0.06817273090763694
prior,rare_half,8358,0.025,0.3680527788884446
literal,rare_half,8358,0.025,0.0341741041595509
literal,rare_half,8358,0.075,0.01772375592153134
literal,rare_half,8358,0.125,0.004054114257710984
literal,rare_half,8358,0.175,0.014326764579218568
literal,rare_half,8358,0.225,0.007432542805803475
literal,rare_half,8358,0.275,0.018243514159699405
literal,rare_half,8358,0.325,0.03243291406168785
literal,rare_half,8358,0.375,0.0936827098709514
literal,rare_half,8358,0.425,0.11335927174445705
literal,rare_half,8358,0.475,0.3570070835622744
literal,rare_half,8358,0.525,0.13166218684566144
literal,rare_half,8358,0.575,0.019257042724127184
literal,rare_half,8358,0.625,0.02094625699817343
literal,rare_half,8358,0.675,0.02263547127221968
literal,rare_half,8358,0.725,0.024324685546265892
literal,rare_half,8358,0.775,0.013149883425652284
literal,rare_half,8358,0.825,0.014003771959785562
literal,rare_half,8358,0.875,0.029392328368404646
literal,rare_half,8358,0.925,0.015711549028052108
literal,rare_half,8358,0.975,0.016480048708772028
pragmatic_unlifted,rare_half,8358,0.025,0.002010621751260833
pragmatic_unlifted,rare_half,8358,0.075,0.0029150632941559395
pragmatic_unlifted,rare_half,8358,0.125,0.001138995508434342
pragmatic_unlifted,rare_half,8358,0.175,0.005671364345489353
pragmatic_unlifted,rare_half,8358,0.225,0.003780110481483292
pragmatic_unlifted,rare_half,8358,0.275,0.011284852470970368
pragmatic_unlifted,rare_half,8358,0.325,0.02352259001528319
pragmatic_unlifted,rare_half,8358,0.375,0.07759017272496177
pragmatic_unlifted,rare_half,8358,0.425,0.1050864105154141
pragmatic_unlifted,rare_half,8358,0.475,0.36461793473976245
pragmatic_unlifted,rare_half,8358,0.525,0.14625529691029637
pragmatic_unlifted,rare_half,8358,0.575,0.02301920164076114
pragmatic_unlifted,rare_half,8358,0.625,0.026701308779441126
pragmatic_unlifted,rare_half,8358,0.675,0.03053328242495542
pragmatic_unlifted,rare_half,8358,0.725,0.034487855763905714
pragmatic_unlifted,rare_half,8358,0.775,0.019481192141882965
pragmatic_unlifted,rare_half,8358,0.825,0.021565205000600836
pragmatic_unlifted,rare_half,8358,0.875,0.04683286984677433
pragmatic_unlifted,rare_half,8358,0.925,0.025796036889929985
pragmatic_unlifted,rare_half,8358,0.975,0.027709634754236212
fixed_0.05,rare_half,8358,0.075,0.10787725403353368
fixed_0.05,rare_half,8358,0.125,0.014394179057260363
fixed_0.05,rare_half,8358,0.175,0.03590635874723189
fixed_0.05,rare_half,8358,0.225,0.014394179057260363
fixed_0.05,rare_half,8358,0.275,0.028788358114520705
fixed_0.05,rare_half,8358,0.325,0.04318253717178108
fixed_0.05,rare_half,8358,0.375,0.10787725403353368
fixed_0.05,rare_half,8358,0.425,0.11499525466624486
fixed_0.05,rare_half,8358,0.475,0.32363176210060113
fixed_0.05,rare_half,8358,0.525,0.10787725403353368
fixed_0.05,rare_half,8358,0.575,0.014394179057260363
fixed_0.05,rare_half,8358,0.625,0.014394179057260363
fixed_0.05,rare_half,8358,0.675,0.014394179057260363
fixed_0.05,rare_half,8358,0.725,0.014394179057260363
fixed_0.05,rare_half,8358,0.775,0.007276178424549191
fixed_0.05,rare_half,8358,0.825,0.007276178424549191
fixed_0.05,rare_half,8358,0.875,0.014394179057260363
fixed_0.05,rare_half,8358,0.925,0.007276178424549191
fixed_0.05,rare_half,8358,0.975,0.007276178424549191
fixed_0.1,rare_half,8358,0.125,0.016134751773049648
fixed_0.1,rare_half,8358,0.175,0.0402482269503546
fixed_0.1,rare_half,8358,0.225,0.016134751773049648
fixed_0.1,rare_half,8358,0.275,0.03226950354609927
fixed_0.1,rare_half,8358,0.325,0.04840425531914893
fixed_0.1,rare_half,8358,0.375,0.1209219858156028
fixed_0.1,rare_half,8358,0.425,0.12890070921985813
fixed_0.1,rare_half,8358,0.475,0.3627659574468085
fixed_0.1,rare_half,8358,0.525,0.1209219858156028
fixed_0.1,rare_half,8358,0.575,0.016134751773049648
fixed_0.1,rare_half,8358,0.625,0.016134751773049648
fixed_0.1,rare_half,8358,0.675,0.016134751773049648
fixed_0.1,rare_half,8358,0.725,0.016134751773049648
fixed_0.1,rare_half,8358,0.775,0.008156028368794322
fixed_0.1,rare_half,8358,0.825,0.008156028368794322
fixed_0.1,rare_half,8358,0.875,0.016134751773049648
fixed_0.1,rare_half,8358,0.925,0.008156028368794322
fixed_0.1,rare_half,8358,0.975,0.008156028368794322
fixed_0.3,rare_half,8358,0.325,0.054070112893642316
fixed_0.3,rare_half,8358,0.375,0.13507625272331153
fixed_0.3,rare_half,8358,0.425,0.14398890869479106
fixed_0.3,rare_half,8358,0.475,0.4052287581699347
fixed_0.3,rare_half,8358,0.525,0.13507625272331153
fixed_0.3,rare_half,8358,0.575,0.018023370964547442
fixed_0.3,rare_half,8358,0.625,0.018023370964547442
fixed_0.3,rare_half,8358,0.675,0.018023370964547442
fixed_0.3,rare_half,8358,0.725,0.018023370964547442
fixed_0.3,rare_half,8358,0.775,0.009110714993067932
fixed_0.3,rare_half,8358,0.825,0.009110714993067932
fixed_0.3,rare_half,8358,0.875,0.018023370964547442
fixed_0.3,rare_half,8358,0.925,0.009110714993067932
fixed_0.3,rare_half,8358,0.975,0.009110714993067932
prior,rare_strong,8358,0.975,0.004600000000000001
prior,rare_strong,8358,0.925,0.004600000000000001
prior,rare_strong,8358,0.875,0.013600000000000004
prior,rare_strong,8358,0.825,0.018199999999999997
prior,rare_strong,8358,0.775,0.11359999999999999
prior,rare_strong,8358,0.725,0.20460000000000003
prior,rare_strong,8358,0.675,0.0954
prior,rare_strong,8358,0.625,0.045399999999999996
prior,rare_strong,8358,0.575,0.0273
prior,rare_strong,8358,0.525,0.022700000000000005
prior,rare_strong,8358,0.475,0.013600000000000004
prior,rare_strong,8358,0.425,0.004600000000000001
prior,rare_strong,8358,0.375,0.004600000000000001
prior,rare_strong,8358,0.325,0.013600000000000004
prior,rare_strong,8358,0.275,0.06360000000000002
prior,rare_strong,8358,0.225,0.022700000000000005
prior,rare_strong,8358,0.175,0.009099999999999997
prior,rare_strong,8358,0.125,0.022700000000000005
prior,rare_strong,8358,0.075,0.036399999999999995
prior,rare_strong,8358,0.025,0.2591
literal,rare_strong,8358,0.025,0.014738925895797884
literal,rare_strong,8358,0.075,0.005797728009647705
literal,rare_strong,8358,0.125,0.006198199018163406
literal,rare_strong,8358,0.175,0.003520049148714677
literal,rare_strong,8358,0.225,0.011363364866632909
literal,rare_strong,8358,0.275,0.039073228171770176
literal,rare_strong,8358,0.325,0.009902555846933607
literal,rare_strong,8358,0.375,0.00387273668462339
literal,rare_strong,8358,0.425,0.004396079479842764
literal,rare_strong,8358,0.475,0.01454437890018374
literal,rare_strong,8358,0.525,0.026858862412041454
literal,rare_strong,8358,0.575,0.03540755320177709
literal,rare_strong,8358,0.625,0.06404805652102191
literal,rare_strong,8358,0.675,0.14543923819492244
literal,rare_strong,8358,0.725,0.33519423412763877
literal,rare_strong,8358,0.775,0.19903409123230156
literal,rare_strong,8358,0.825,0.03395812119936513
literal,rare_strong,8358,0.875,0.026922573708850758
literal,rare_strong,8358,0.925,0.009629507432036553
literal,rare_strong,8358,0.975,0.010100515947733982
pragmatic_unlifted,rare_strong,8358,0.025,0.0005948476937261595
pragmatic_unlifted,rare_strong,8358,0.075,0.0006547767775648898
pragmatic_unlifted,rare_strong,8358,0.125,0.0011983985729323845
pragmatic_unlifted,rare_strong,8358,0.175,0.0009621970692832662
pragmatic_unlifted,rare_strong,8358,0.225,0.004008708490532283
pragmatic_unlifted,rare_strong,8358,0.275,0.016858753476850057
pragmatic_unlifted,rare_strong,8358,0.325,0.005043005472788438
pragmatic_unlifted,rare_strong,8358,0.375,0.0022694859632968203
pragmatic_unlifted,rare_strong,8358,0.425,0.0029083617167076576
pragmatic_unlifted,rare_strong,8358,0.475,0.010702058967177009
pragmatic_unlifted,rare_strong,8358,0.525,0.02171831746727782
pragmatic_unlifted,rare_strong,8358,0.575,0.031152497643551817
pragmatic_unlifted,rare_strong,8358,0.625,0.06080492776222611
pragmatic_unlifted,rare_strong,8358,0.675,0.14792967058098
pragmatic_unlifted,rare_strong,8358,0.725,0.363020683598169
pragmatic_unlifted,rare_strong,8358,0.775,0.22828474847575064
pragmatic_unlifted,rare_strong,8358,0.825,0.04105187906995392
pragmatic_unlifted,rare_strong,8358,0.875,0.034158314361269856
pragmatic_unlifted,rare_strong,8358,0.925,0.012773613801610798
pragmatic_unlifted,rare_strong,8358,0.975,0.01390475303835159
fixed_0.05,rare_strong,8358,0.075,0.04912943717100823
fixed_0.05,rare_strong,8358,0.125,0.03063841274126064
fixed_0.05,rare_strong,8358,0.175,0.01228235929275205
fixed_0.05,rare_strong,8358,0.225,0.03063841274126064
fixed_0.05,rare_strong,8358,0.275,0.0858415440680254
fixed_0.05,rare_strong,8358,0.325,0.018356053448508578
fixed_0.05,rare_strong,8358,0.375,0.006208665136995544
fixed_0.05,rare_strong,8358,0.425,0.006208665136995544
fixed_0.05,rare_strong,8358,0.475,0.018356053448508578
fixed_0.05,rare_strong,8358,0.525,0.03063841274126064
fixed_0.05,rare_strong,8358,0.575,0.036847077878256175
fixed_0.05,rare_strong,8358,0.625,0.06127682548252126
fixed_0.05,rare_strong,8358,0.675,0.12876231610203806
fixed_0.05,rare_strong,8358,0.725,0.2761506276150628
fixed_0.05,rare_strong,8358,0.775,0.1533270346875422
fixed_0.05,rare_strong,8358,0.825,0.024564718585504113
fixed_0.05,rare_strong,8358,0.875,0.018356053448508578
fixed_0.05,rare_strong,8358,0.925,0.006208665136995544
fixed_0.05,rare_strong,8358,0.975,0.006208665136995544
fixed_0.1,rare_strong,8358,0.125,0.03222143364088006
fixed_0.1,rare_strong,8358,0.175,0.012916962384669979
fixed_0.1,rare_strong,8358,0.225,0.03222143364088006
fixed_0.1,rare_strong,8358,0.275,0.09027679205110006
fixed_0.1,rare_strong,8358,0.325,0.01930447125621008
fixed_0.1,rare_strong,8358,0.375,0.006529453513129882
fixed_0.1,rare_strong,8358,0.425,0.006529453513129882
fixed_0.1,rare_strong,8358,0.475,0.01930447125621008
fixed_0.1,rare_strong,8358,0.525,0.03222143364088006
fixed_0.1,rare_strong,8358,0.575,0.03875088715400993
fixed_0.1,rare_strong,8358,0.625,0.06444286728176009
fixed_0.1,rare_strong,8358,0.675,0.13541518807665007
fixed_0.1,rare_strong,8358,0.725,0.2904187366926898
fixed_0.1,rare_strong,8358,0.775,0.16124911284599003
fixed_0.1,rare_strong,8358,0.825,0.025833924769339947
fixed_0.1,rare_strong,8358,0.875,0.01930447125621008
fixed_0.1,rare_strong,8358,0.925,0.006529453513129882
fixed_0.1,rare_strong,8358,0.975,0.006529453513129882
fixed_0.3,rare_strong,8358,0.325,0.023192360163710783
fixed_0.3,rare_strong,8358,0.375,0.007844474761255117
fixed_0.3,rare_strong,8358,0.425,0.007844474761255117
fixed_0.3,rare_strong,8358,0.475,0.023192360163710783
fixed_0.3,rare_strong,8358,0.525,0.03871077762619373
fixed_0.3,rare_strong,8358,0.575,0.04655525238744884
fixed_0.3,rare_strong,8358,0.625,0.07742155525238743
fixed_0.3,rare_strong,8358,0.675,0.16268758526603
fixed_0.3,rare_strong,8358,0.725,0.34890859481582537
fixed_0.3,rare_strong,8358,0.775,0.1937244201909959
fixed_0.3,rare_strong,8358,0.825,0.031036834924965884
fixed_0.3,rare_strong,8358,0.875,0.023192360163710783
fixed_0.3,rare_strong,8358,0.925,0.007844474761255117
fixed_0.3,rare_strong,8358,0.975,0.007844474761255117
prior,rare_weak,8358,0.975,0.004598160735705716
prior,rare_weak,8358,0.925,0.004598160735705716
prior,rare_weak,8358,0.875,0.013594562175129936
prior,rare_weak,8358,0.825,0.013594562175129936
prior,rare_weak,8358,0.775,0.004598160735705716
prior,rare_weak,8358,0.725,0.004598160735705716
prior,rare_weak,8358,0.675,0.009096361455417826
prior,rare_weak,8358,0.625,0.004598160735705716
prior,rare_weak,8358,0.575,0.004598160735705716
prior,rare_weak,8358,0.525,0.004598160735705716
prior,rare_weak,8358,0.475,0.004598160735705716
prior,rare_weak,8358,0.425,0.004598160735705716
prior,rare_weak,8358,0.375,0.02269092363054779
prior,rare_weak,8358,0.325,0.018192722910835655
prior,rare_weak,8358,0.275,0.06817273090763694
prior,rare_weak,8358,0.225,0.16353458616553382
prior,rare_weak,8358,0.175,0.0817672930827669
prior,rare_weak,8358,0.125,0.06357457017193124
prior,rare_weak,8358,0.075,0.06817273090763694
prior,rare_weak,8358,0.025,0.43622550979608155
literal,rare_weak,8358,0.025,0.06717277132319893
literal,rare_weak,8358,0.075,0.029393474820985473
literal,rare_weak,8358,0.125,0.04699015497146234
literal,rare_weak,8358,0.175,0.08561911622551824
literal,rare_weak,8358,0.225,0.22160241846604725
literal,rare_weak,8358,0.275,0.11337483145237254
literal,rare_weak,8358,0.325,0.03585831532413477
literal,rare_weak,8358,0.375,0.05171256703423906
literal,rare_weak,8358,0.425,0.011895306525794706
literal,rare_weak,8358,0.475,0.013311414445532185
literal,rare_weak,8358,0.525,0.014727522365269663
literal,rare_weak,8358,0.575,0.01614363028500712
literal,rare_weak,8358,0.625,0.017559738204744588
literal,rare_weak,8358,0.675,0.03753917385495365
literal,rare_weak,8358,0.725,0.02039195404421951
literal,rare_weak,8358,0.775,0.021808061963956966
literal,rare_weak,8358,0.825,0.06866276313440094
literal,rare_weak,8358,0.875,0.07284951698405952
literal,rare_weak,8358,0.925,0.0260563857231694
literal,rare_weak,8358,0.975,0.027330882850933096
pragmatic_unlifted,rare_weak,8358,0.025,0.005839670406658143
pragmatic_unlifted,rare_weak,8358,0.075,0.007123360200374922
pragmatic_unlifted,rare_weak,8358,0.125,0.01933256393416468
pragmatic_unlifted,rare_weak,8358,0.175,0.04917407776235368
pragmatic_unlifted,rare_weak,8358,0.225,0.16153725422896364
pragmatic_unlifted,rare_weak,8358,0.275,0.09903254020443628
pragmatic_unlifted,rare_weak,8358,0.325,0.0360962244612316
pragmatic_unlifted,rare_weak,8358,0.375,0.05830428362661751
pragmatic_unlifted,rare_weak,8358,0.425,0.014696952522793447
pragmatic_unlifted,rare_weak,8358,0.475,0.01771370534259527
pragmatic_unlifted,rare_weak,8358,0.525,0.0208140175809148
pragmatic_unlifted,rare_weak,8358,0.575,0.023952204579123823
pragmatic_unlifted,rare_weak,8358,0.625,0.02708878314183015
pragmatic_unlifted,rare_weak,8358,0.675,0.05972502629424517
pragmatic_unlifted,rare_weak,8358,0.725,0.03323102591043315
pragmatic_unlifted,rare_weak,8358,0.775,0.03618880049301602
pragmatic_unlifted,rare_weak,8358,0.825,0.11544676077819623
pragmatic_unlifted,rare_weak,8358,0.875,0.12357625465583526
pragmatic_unlifted,rare_weak,8358,0.925,0.04443042491041897
pragmatic_unlifted,rare_weak,8358,0.975,0.046696068965797394
fixed_0.05,rare_weak,8358,0.075,0.1209219858156028
fixed_0.05,rare_weak,8358,0.125,0.11276595744680852
fixed_0.05,rare_weak,8358,0.175,0.1450354609929078
fixed_0.05,rare_weak,8358,0.225,0.29007092198581563
fixed_0.05,rare_weak,8358,0.275,0.1209219858156028
fixed_0.05,rare_weak,8358,0.325,0.03226950354609927
fixed_0.05,rare_weak,8358,0.375,0.04024822695035461
fixed_0.05,rare_weak,8358,0.425,0.008156028368794322
fixed_0.05,rare_weak,8358,0.475,0.008156028368794322
fixed_0.05,rare_weak,8358,0.525,0.008156028368794322
fixed_0.05,rare_weak,8358,0.575,0.008156028368794322
fixed_0.05,rare_weak,8358,0.625,0.008156028368794322
fixed_0.05,rare_weak,8358,0.675,0.01613475177304963
fixed_0.05,rare_weak,8358,0.725,0.008156028368794322
fixed_0.05,rare_weak,8358,0.775,0.008156028368794322
fixed_0.05,rare_weak,8358,0.825,0.024113475177304937
fixed_0.05,rare_weak,8358,0.875,0.024113475177304937
fixed_0.05,rare_weak,8358,0.925,0.008156028368794322
fixed_0.05,rare_weak,8358,0.975,0.008156028368794322
fixed_0.1,rare_weak,8358,0.125,0.1282775312626059
fixed_0.1,rare_weak,8358,0.175,0.16498588140379183
fixed_0.1,rare_weak,8358,0.225,0.3299717628075837
fixed_0.1,rare_weak,8358,0.275,0.13755546591367482
fixed_0.1,rare_weak,8358,0.325,0.03670835014118593
fixed_0.1,rare_weak,8358,0.375,0.04578459056070997
fixed_0.1,rare_weak,8358,0.425,0.00927793465106898
fixed_0.1,rare_weak,8358,0.475,0.00927793465106898
fixed_0.1,rare_weak,8358,0.525,0.00927793465106898
fixed_0.1,rare_weak,8358,0.575,0.00927793465106898
fixed_0.1,rare_weak,8358,0.625,0.00927793465106898
fixed_0.1,rare_weak,8358,0.675,0.018354175070592966
fixed_0.1,rare_weak,8358,0.725,0.00927793465106898
fixed_0.1,rare_weak,8358,0.775,0.00927793465106898
fixed_0.1,rare_weak,8358,0.825,0.027430415490116954
fixed_0.1,rare_weak,8358,0.875,0.027430415490116954
fixed_0.1,rare_weak,8358,0.925,0.00927793465106898
fixed_0.1,rare_weak,8358,0.975,0.00927793465106898
fixed_0.3,rare_weak,8358,0.325,0.1534569983136594
fixed_0.3,rare_weak,8358,0.375,0.19139966273187206
fixed_0.3,rare_weak,8358,0.425,0.03878583473861722
fixed_0.3,rare_weak,8358,0.475,0.03878583473861722
fixed_0.3,rare_weak,8358,0.525,0.03878583473861722
fixed_0.3,rare_weak,8358,0.575,0.03878583473861722
fixed_0.3,rare_weak,8358,0.625,0.03878583473861722
fixed_0.3,rare_weak,8358,0.675,0.0767284991568297
fixed_0.3,rare_weak,8358,0.725,0.03878583473861722
fixed_0.3,rare_weak,8358,0.775,0.03878583473861722
fixed_0.3,rare_weak,8358,0.825,0.11467116357504215
fixed_0.3,rare_weak,8358,0.875,0.11467116357504215
fixed_0.3,rare_weak,8358,0.925,0.03878583473861722
fixed_0.3,rare_weak,8358,0.975,0.03878583473861722
prior,strong_or_deterministic,8358,0.975,0.19548045195480448
prior,strong_or_deterministic,8358,0.925,0.07729227077292267
prior,strong_or_deterministic,8358,0.875,0.0681931806819318
prior,strong_or_deterministic,8358,0.825,0.1363863613638636
prior,strong_or_deterministic,8358,0.775,0.12268773122687729
prior,strong_or_deterministic,8358,0.725,0.13178682131786817
prior,strong_or_deterministic,8358,0.675,0.0635936406359364
prior,strong_or_deterministic,8358,0.625,0.0635936406359364
prior,strong_or_deterministic,8358,0.575,0.013598640135986394
prior,strong_or_deterministic,8358,0.525,0.013598640135986394
prior,strong_or_deterministic,8358,0.475,0.03179682031796819
prior,strong_or_deterministic,8358,0.425,0.0181981801819818
prior,strong_or_deterministic,8358,0.375,0.013598640135986394
prior,strong_or_deterministic,8358,0.325,0.009099090090990898
prior,strong_or_deterministic,8358,0.275,0.013598640135986394
prior,strong_or_deterministic,8358,0.225,0.004599540045995401
prior,strong_or_deterministic,8358,0.175,0.009099090090990898
prior,strong_or_deterministic,8358,0.125,0.004599540045995401
prior,strong_or_deterministic,8358,0.075,0.004599540045995401
prior,strong_or_deterministic,8358,0.025,0.004599540045995401
literal,strong_or_deterministic,8358,0.025,0.00015232746431066843
literal,strong_or_deterministic,8358,0.075,0.0004265169000698712
literal,strong_or_deterministic,8358,0.125,0.0007311718286912087
literal,strong_or_deterministic,8358,0.175,0.0020491355416400346
literal,strong_or_deterministic,8358,0.225,0.0013404816859338834
literal,strong_or_deterministic,8358,0.275,0.004863882164771953
literal,strong_or_deterministic,8358,0.325,0.0038571963136753637
literal,strong_or_deterministic,8358,0.375,0.006665320003576376
literal,strong_or_deterministic,8358,0.425,0.010125140323397824
literal,strong_or_deterministic,8358,0.475,0.01979727201380218
literal,strong_or_deterministic,8358,0.525,0.009367476761783034
literal,strong_or_deterministic,8358,0.575,0.010268195681185244
literal,strong_or_deterministic,8358,0.625,0.05223110063215898
literal,strong_or_deterministic,8358,0.675,0.05644328616701051
literal,strong_or_deterministic,8358,0.725,0.12569797437587132
literal,strong_or_deterministic,8358,0.775,0.12514562174441438
literal,strong_or_deterministic,8358,0.825,0.14815236720191
literal,strong_or_deterministic,8358,0.875,0.07859302406442786
literal,strong_or_deterministic,8358,0.925,0.09419930392971738
literal,strong_or_deterministic,8358,0.975,0.2498932052016518
pragmatic_unlifted,strong_or_deterministic,8358,0.025,0.0000048924056935584405
pragmatic_unlifted,strong_or_deterministic,8358,0.075,0.000038348599958135614
pragmatic_unlifted,strong_or_deterministic,8358,0.125,0.00011264662524257625
pragmatic_unlifted,strong_or_deterministic,8358,0.175,0.0004469258311140517
pragmatic_unlifted,strong_or_deterministic,8358,0.225,0.00037800199392593417
pragmatic_unlifted,strong_or_deterministic,8358,0.275,0.0016813131762023611
pragmatic_unlifted,strong_or_deterministic,8358,0.325,0.0015780173756341014
pragmatic_unlifted,strong_or_deterministic,8358,0.375,0.003147737051094906
pragmatic_unlifted,strong_or_deterministic,8358,0.425,0.005417633577730478
pragmatic_unlifted,strong_or_deterministic,8358,0.475,0.011828905280566744
pragmatic_unlifted,strong_or_deterministic,8358,0.525,0.0061780085903253715
pragmatic_unlifted,strong_or_deterministic,8358,0.575,0.0074041050761212025
pragmatic_unlifted,strong_or_deterministic,8358,0.625,0.04085132206402999
pragmatic_unlifted,strong_or_deterministic,8358,0.675,0.047561492950262754
pragmatic_unlifted,strong_or_deterministic,8358,0.725,0.11345265651323455
pragmatic_unlifted,strong_or_deterministic,8358,0.775,0.12037855471226046
pragmatic_unlifted,strong_or_deterministic,8358,0.825,0.151202297691429
pragmatic_unlifted,strong_or_deterministic,8358,0.875,0.08476915141132504
pragmatic_unlifted,strong_or_deterministic,8358,0.925,0.10699791404790446
pragmatic_unlifted,strong_or_deterministic,8358,0.975,0.2965700750259441
fixed_0.05,strong_or_deterministic,8358,0.075,0.004620793571069816
fixed_0.05,strong_or_deterministic,8358,0.125,0.004620793571069816
fixed_0.05,strong_or_deterministic,8358,0.175,0.009141135107985938
fixed_0.05,strong_or_deterministic,8358,0.225,0.004620793571069816
fixed_0.05,strong_or_deterministic,8358,0.275,0.013661476644902056
fixed_0.05,strong_or_deterministic,8358,0.325,0.009141135107985938
fixed_0.05,strong_or_deterministic,8358,0.375,0.013661476644902056
fixed_0.05,strong_or_deterministic,8358,0.425,0.018282270215971876
fixed_0.05,strong_or_deterministic,8358,0.475,0.03194374686087393
fixed_0.05,strong_or_deterministic,8358,0.525,0.013661476644902056
fixed_0.05,strong_or_deterministic,8358,0.575,0.013661476644902056
fixed_0.05,strong_or_deterministic,8358,0.625,0.06388749372174787
fixed_0.05,strong_or_deterministic,8358,0.675,0.06388749372174787
fixed_0.05,strong_or_deterministic,8358,0.725,0.13239578101456553
fixed_0.05,strong_or_deterministic,8358,0.775,0.12325464590657963
fixed_0.05,strong_or_deterministic,8358,0.825,0.13701657458563538
fixed_0.05,strong_or_deterministic,8358,0.875,0.06850828729281769
fixed_0.05,strong_or_deterministic,8358,0.925,0.07764942240080361
fixed_0.05,strong_or_deterministic,8358,0.975,0.19638372677046712
fixed_0.1,strong_or_deterministic,8358,0.125,0.004642244424260775
fixed_0.1,strong_or_deterministic,8358,0.175,0.0091835704914724
fixed_0.1,strong_or_deterministic,8358,0.225,0.004642244424260775
fixed_0.1,strong_or_deterministic,8358,0.275,0.013724896558684023
fixed_0.1,strong_or_deterministic,8358,0.325,0.0091835704914724
fixed_0.1,strong_or_deterministic,8358,0.375,0.013724896558684023
fixed_0.1,strong_or_deterministic,8358,0.425,0.018367140982944802
fixed_0.1,strong_or_deterministic,8358,0.475,0.03209203754162883
fixed_0.1,strong_or_deterministic,8358,0.525,0.013724896558684023
fixed_0.1,strong_or_deterministic,8358,0.575,0.013724896558684023
fixed_0.1,strong_or_deterministic,8358,0.625,0.06418407508325766
fixed_0.1,strong_or_deterministic,8358,0.675,0.06418407508325766
fixed_0.1,strong_or_deterministic,8358,0.725,0.13301039459077607
fixed_0.1,strong_or_deterministic,8358,0.775,0.1238268240993037
fixed_0.1,strong_or_deterministic,8358,0.825,0.13765263901503688
fixed_0.1,strong_or_deterministic,8358,0.875,0.06882631950751844
fixed_0.1,strong_or_deterministic,8358,0.925,0.07800988999899082
fixed_0.1,strong_or_deterministic,8358,0.975,0.1972953880310829
fixed_0.3,strong_or_deterministic,8358,0.325,0.009489051094890512
fixed_0.3,strong_or_deterministic,8358,0.375,0.014181438998957244
fixed_0.3,strong_or_deterministic,8358,0.425,0.018978102189781024
fixed_0.3,strong_or_deterministic,8358,0.475,0.03315954118873827
fixed_0.3,strong_or_deterministic,8358,0.525,0.014181438998957244
fixed_0.3,strong_or_deterministic,8358,0.575,0.014181438998957244
fixed_0.3,strong_or_deterministic,8358,0.625,0.06631908237747655
fixed_0.3,strong_or_deterministic,8358,0.675,0.06631908237747655
fixed_0.3,strong_or_deterministic,8358,0.725,0.13743482794577686
fixed_0.3,strong_or_deterministic,8358,0.775,0.12794577685088637
fixed_0.3,strong_or_deterministic,8358,0.825,0.14223149113660066
fixed_0.3,strong_or_deterministic,8358,0.875,0.07111574556830033
fixed_0.3,strong_or_deterministic,8358,0.925,0.08060479666319081
fixed_0.3,strong_or_deterministic,8358,0.975,0.20385818561001046
prior,uniform,8358,0.975,0.022704540908181643
prior,uniform,8358,0.925,0.022704540908181643
prior,uniform,8358,0.875,0.013602720544108821
prior,uniform,8358,0.825,0.040908181636327284
prior,uniform,8358,0.775,0.027305461092218458
prior,uniform,8358,0.725,0.040908181636327284
prior,uniform,8358,0.675,0.08181636327265454
prior,uniform,8358,0.625,0.022704540908181643
prior,uniform,8358,0.575,0.0636127225445089
prior,uniform,8358,0.525,0.0636127225445089
prior,uniform,8358,0.475,0.12272454490898183
prior,uniform,8358,0.425,0.0636127225445089
prior,uniform,8358,0.375,0.07731546309261855
prior,uniform,8358,0.325,0.07731546309261855
prior,uniform,8358,0.275,0.06821364272854573
prior,uniform,8358,0.225,0.027305461092218458
prior,uniform,8358,0.175,0.022704540908181643
prior,uniform,8358,0.125,0.08181636327265454
prior,uniform,8358,0.075,0.03640728145629127
prior,uniform,8358,0.025,0.022704540908181643
literal,uniform,8358,0.025,0.001245170165942236
literal,uniform,8358,0.075,0.005590649485146818
literal,uniform,8358,0.125,0.02153760413901144
literal,uniform,8358,0.175,0.008467157128407206
literal,uniform,8358,0.225,0.013177959500703218
literal,uniform,8358,0.275,0.040402754952705455
literal,uniform,8358,0.325,0.054274060307924504
literal,uniform,8358,0.375,0.06275438223103773
literal,uniform,8358,0.425,0.0586096660310996
literal,uniform,8358,0.475,0.1265334243166922
literal,uniform,8358,0.525,0.07256434841945669
literal,uniform,8358,0.575,0.07954168961363517
literal,uniform,8358,0.625,0.030880220115367497
literal,uniform,8358,0.675,0.12025162310948065
literal,uniform,8358,0.725,0.0646128124170344
literal,uniform,8358,0.775,0.046122858252461284
literal,uniform,8358,0.825,0.07358681414162242
literal,uniform,8358,0.875,0.02596097516022651
literal,uniform,8358,0.925,0.045822262106674394
literal,uniform,8358,0.975,0.04806356840537033
pragmatic_unlifted,uniform,8358,0.025,0.00005702162816662755
pragmatic_unlifted,uniform,8358,0.075,0.0007164521108568222
pragmatic_unlifted,uniform,8358,0.125,0.004725673211201849
pragmatic_unlifted,uniform,8358,0.175,0.002626914357843283
pragmatic_unlifted,uniform,8358,0.225,0.005277427798061977
pragmatic_unlifted,uniform,8358,0.275,0.019794210466870327
pragmatic_unlifted,uniform,8358,0.325,0.03139354199681583
pragmatic_unlifted,uniform,8358,0.375,0.04178343980779172
pragmatic_unlifted,uniform,8358,0.425,0.044072410663245805
pragmatic_unlifted,uniform,8358,0.475,0.10587048060749357
pragmatic_unlifted,uniform,8358,0.525,0.06675136277590288
pragmatic_unlifted,uniform,8358,0.575,0.07965409923432157
pragmatic_unlifted,uniform,8358,0.625,0.033385981584575695
pragmatic_unlifted,uniform,8358,0.675,0.13936888419555765
pragmatic_unlifted,uniform,8358,0.725,0.07978471198829364
pragmatic_unlifted,uniform,8358,0.775,0.06035465568985398
pragmatic_unlifted,uniform,8358,0.825,0.10156087776120372
pragmatic_unlifted,uniform,8358,0.875,0.03763066585532364
pragmatic_unlifted,uniform,8358,0.925,0.06949321435327462
pragmatic_unlifted,uniform,8358,0.975,0.07569797391334496
fixed_0.05,uniform,8358,0.075,0.03725309589601884
fixed_0.05,uniform,8358,0.125,0.08371712209599837
fixed_0.05,uniform,8358,0.175,0.023232013099989773
fixed_0.05,uniform,8358,0.225,0.02793982192201414
fixed_0.05,uniform,8358,0.275,0.06979838297001333
fixed_0.05,uniform,8358,0.325,0.07911165694401805
fixed_0.05,uniform,8358,0.375,0.07911165694401805
fixed_0.05,uniform,8358,0.425,0.06509057414798897
fixed_0.05,uniform,8358,0.475,0.12557568314399759
fixed_0.05,uniform,8358,0.525,0.06509057414798897
fixed_0.05,uniform,8358,0.575,0.06509057414798897
fixed_0.05,uniform,8358,0.625,0.023232013099989773
fixed_0.05,uniform,8358,0.675,0.08371712209599837
fixed_0.05,uniform,8358,0.725,0.041858561047999204
fixed_0.05,uniform,8358,0.775,0.02793982192201414
fixed_0.05,uniform,8358,0.825,0.041858561047999204
fixed_0.05,uniform,8358,0.875,0.013918739125985057
fixed_0.05,uniform,8358,0.925,0.023232013099989773
fixed_0.05,uniform,8358,0.975,0.023232013099989773
fixed_0.1,uniform,8358,0.125,0.0869565217391304
fixed_0.1,uniform,8358,0.175,0.024130966301690225
fixed_0.1,uniform,8358,0.225,0.029020941851812483
fixed_0.1,uniform,8358,0.275,0.07249920272137769
fixed_0.1,uniform,8358,0.325,0.08217285000531518
fixed_0.1,uniform,8358,0.375,0.08217285000531518
fixed_0.1,uniform,8358,0.425,0.06760922717125543
fixed_0.1,uniform,8358,0.475,0.13043478260869565
fixed_0.1,uniform,8358,0.525,0.06760922717125543
fixed_0.1,uniform,8358,0.575,0.06760922717125543
fixed_0.1,uniform,8358,0.625,0.024130966301690225
fixed_0.1,uniform,8358,0.675,0.0869565217391304
fixed_0.1,uniform,8358,0.725,0.043478260869565216
fixed_0.1,uniform,8358,0.775,0.029020941851812483
fixed_0.1,uniform,8358,0.825,0.043478260869565216
fixed_0.1,uniform,8358,0.875,0.014457319017752724
fixed_0.1,uniform,8358,0.925,0.024130966301690225
fixed_0.1,uniform,8358,0.975,0.024130966301690225
fixed_0.3,uniform,8358,0.325,0.10436073984069126
fixed_0.3,uniform,8358,0.375,0.10436073984069126
fixed_0.3,uniform,8358,0.425,0.08586472255974079
fixed_0.3,uniform,8358,0.475,0.16565411097610372
fixed_0.3,uniform,8358,0.525,0.08586472255974079
fixed_0.3,uniform,8358,0.575,0.08586472255974079
fixed_0.3,uniform,8358,0.625,0.030646685567706226
fixed_0.3,uniform,8358,0.675,0.11043607398406911
fixed_0.3,uniform,8358,0.725,0.05521803699203458
fixed_0.3,uniform,8358,0.775,0.03685702713649252
fixed_0.3,uniform,8358,0.825,0.05521803699203458
fixed_0.3,uniform,8358,0.875,0.01836100985554205
fixed_0.3,uniform,8358,0.925,0.030646685567706226
fixed_0.3,uniform,8358,0.975,0.030646685567706226
prior,weak_or_deterministic,8358,0.975,0.2546
prior,weak_or_deterministic,8358,0.925,0.05
prior,weak_or_deterministic,8358,0.875,0.045399999999999996
prior,weak_or_deterministic,8358,0.825,0.013600000000000004
prior,weak_or_deterministic,8358,0.775,0.022700000000000005
prior,weak_or_deterministic,8358,0.725,0.0409
prior,weak_or_deterministic,8358,0.675,0.0273
prior,weak_or_deterministic,8358,0.625,0.009099999999999997
prior,weak_or_deterministic,8358,0.575,0.004600000000000001
prior,weak_or_deterministic,8358,0.525,0.009099999999999997
prior,weak_or_deterministic,8358,0.475,0.009099999999999997
prior,weak_or_deterministic,8358,0.425,0.0318
prior,weak_or_deterministic,8358,0.375,0.013600000000000004
prior,weak_or_deterministic,8358,0.325,0.0273
prior,weak_or_deterministic,8358,0.275,0.1182
prior,weak_or_deterministic,8358,0.225,0.08180000000000001
prior,weak_or_deterministic,8358,0.175,0.14090000000000003
prior,weak_or_deterministic,8358,0.125,0.08180000000000001
prior,weak_or_deterministic,8358,0.075,0.013600000000000004
prior,weak_or_deterministic,8358,0.025,0.004600000000000001
literal,weak_or_deterministic,8358,0.025,0.0002142724054406556
literal,weak_or_deterministic,8358,0.075,0.0017738028693869933
literal,weak_or_deterministic,8358,0.125,0.01828954723309109
literal,weak_or_deterministic,8358,0.175,0.044630147195826315
literal,weak_or_deterministic,8358,0.225,0.03353083659400037
literal,weak_or_deterministic,8358,0.275,0.05946338736724425
literal,weak_or_deterministic,8358,0.325,0.016277249860257113
literal,weak_or_deterministic,8358,0.375,0.00937581516675983
literal,weak_or_deterministic,8358,0.425,0.024885410844046926
literal,weak_or_deterministic,8358,0.475,0.007969070244084204
literal,weak_or_deterministic,8358,0.525,0.008816843674305944
literal,weak_or_deterministic,8358,0.575,0.004885410844046948
literal,weak_or_deterministic,8358,0.625,0.010512390534749389
literal,weak_or_deterministic,8358,0.675,0.03408049189491341
literal,weak_or_deterministic,8358,0.725,0.054868641699273364
literal,weak_or_deterministic,8358,0.775,0.03256754238867153
literal,weak_or_deterministic,8358,0.825,0.020778833612819094
literal,weak_or_deterministic,8358,0.875,0.07359418669647844
literal,weak_or_deterministic,8358,0.925,0.0857089621762623
literal,weak_or_deterministic,8358,0.975,0.4577771566983418
pragmatic_unlifted,weak_or_deterministic,8358,0.025,0.0000075751835643491216
pragmatic_unlifted,weak_or_deterministic,8358,0.075,0.00017551499719880607
pragmatic_unlifted,weak_or_deterministic,8358,0.125,0.003099588417705385
pragmatic_unlifted,weak_or_deterministic,8358,0.175,0.010700422933493834
pragmatic_unlifted,weak_or_deterministic,8358,0.225,0.010384614380992679
pragmatic_unlifted,weak_or_deterministic,8358,0.275,0.022549305529323466
pragmatic_unlifted,weak_or_deterministic,8358,0.325,0.0072953392369418685
pragmatic_unlifted,weak_or_deterministic,8358,0.375,0.004843060697608677
pragmatic_unlifted,weak_or_deterministic,8358,0.425,0.014537837720333634
pragmatic_unlifted,weak_or_deterministic,8358,0.475,0.0051881423152603
pragmatic_unlifted,weak_or_deterministic,8358,0.525,0.0063216442860921165
pragmatic_unlifted,weak_or_deterministic,8358,0.575,0.0038203746356613604
pragmatic_unlifted,weak_or_deterministic,8358,0.625,0.008893070970510834
pragmatic_unlifted,weak_or_deterministic,8358,0.675,0.030972986267408107
pragmatic_unlifted,weak_or_deterministic,8358,0.725,0.05325023800746871
pragmatic_unlifted,weak_or_deterministic,8358,0.775,0.033575699889584205
pragmatic_unlifted,weak_or_deterministic,8358,0.825,0.022651379720455434
pragmatic_unlifted,weak_or_deterministic,8358,0.875,0.08448163014218826
pragmatic_unlifted,weak_or_deterministic,8358,0.925,0.10322551086276421
pragmatic_unlifted,weak_or_deterministic,8358,0.975,0.574026063805444
fixed_0.05,weak_or_deterministic,8358,0.075,0.013662849105887085
fixed_0.05,weak_or_deterministic,8358,0.125,0.08217801888687964
fixed_0.05,weak_or_deterministic,8358,0.175,0.14155113522202128
fixed_0.05,weak_or_deterministic,8358,0.225,0.08217801888687964
fixed_0.05,weak_or_deterministic,8358,0.275,0.1187462326702833
fixed_0.05,weak_or_deterministic,8358,0.325,0.027426160337552744
fixed_0.05,weak_or_deterministic,8358,0.375,0.013662849105887085
fixed_0.05,weak_or_deterministic,8358,0.425,0.03194695599758891
fixed_0.05,weak_or_deterministic,8358,0.475,0.009142053445850912
fixed_0.05,weak_or_deterministic,8358,0.525,0.009142053445850912
fixed_0.05,weak_or_deterministic,8358,0.575,0.0046212577858147485
fixed_0.05,weak_or_deterministic,8358,0.625,0.009142053445850912
fixed_0.05,weak_or_deterministic,8358,0.675,0.027426160337552744
fixed_0.05,weak_or_deterministic,8358,0.725,0.04108900944343982
fixed_0.05,weak_or_deterministic,8358,0.775,0.022804902551738
fixed_0.05,weak_or_deterministic,8358,0.825,0.013662849105887085
fixed_0.05,weak_or_deterministic,8358,0.875,0.04560980510347598
fixed_0.05,weak_or_deterministic,8358,0.925,0.050231062889290745
fixed_0.05,weak_or_deterministic,8358,0.975,0.2557765722322684
fixed_0.1,weak_or_deterministic,8358,0.125,0.083316357710328
fixed_0.1,weak_or_deterministic,8358,0.175,0.14351191688734982
fixed_0.1,weak_or_deterministic,8358,0.225,0.083316357710328
fixed_0.1,weak_or_deterministic,8358,0.275,0.12039111835404362
fixed_0.1,weak_or_deterministic,8358,0.325,0.02780607048278673
fixed_0.1,weak_or_deterministic,8358,0.375,0.013852108372377275
fixed_0.1,weak_or_deterministic,8358,0.425,0.032389488694235094
fixed_0.1,weak_or_deterministic,8358,0.475,0.009268690160928907
fixed_0.1,weak_or_deterministic,8358,0.525,0.009268690160928907
fixed_0.1,weak_or_deterministic,8358,0.575,0.0046852719494805475
fixed_0.1,weak_or_deterministic,8358,0.625,0.009268690160928907
fixed_0.1,weak_or_deterministic,8358,0.675,0.02780607048278673
fixed_0.1,weak_or_deterministic,8358,0.725,0.041658178855164
fixed_0.1,weak_or_deterministic,8358,0.775,0.023120798533306185
fixed_0.1,weak_or_deterministic,8358,0.825,0.013852108372377275
fixed_0.1,weak_or_deterministic,8358,0.875,0.04624159706661235
fixed_0.1,weak_or_deterministic,8358,0.925,0.05092686901609291
fixed_0.1,weak_or_deterministic,8358,0.975,0.2593196170299451
fixed_0.3,weak_or_deterministic,8358,0.325,0.04882847433375068
fixed_0.3,weak_or_deterministic,8358,0.375,0.02432480772670364
fixed_0.3,weak_or_deterministic,8358,0.425,0.056877123949204085
fixed_0.3,weak_or_deterministic,8358,0.475,0.01627615811125022
fixed_0.3,weak_or_deterministic,8358,0.525,0.01627615811125022
fixed_0.3,weak_or_deterministic,8358,0.575,0.008227508495796816
fixed_0.3,weak_or_deterministic,8358,0.625,0.01627615811125022
fixed_0.3,weak_or_deterministic,8358,0.675,0.04882847433375068
fixed_0.3,weak_or_deterministic,8358,0.725,0.07315328206045427
fixed_0.3,weak_or_deterministic,8358,0.775,0.04060096583795387
fixed_0.3,weak_or_deterministic,8358,0.825,0.02432480772670364
fixed_0.3,weak_or_deterministic,8358,0.875,0.08120193167590767
fixed_0.3,weak_or_deterministic,8358,0.925,0.08942944017170451
fixed_0.3,weak_or_deterministic,8358,0.975,0.45537470935431934
prior,weak_or_half,8358,0.975,0.004599540045995401
prior,weak_or_half,8358,0.925,0.013598640135986407
prior,weak_or_half,8358,0.875,0.004599540045995401
prior,weak_or_half,8358,0.825,0.004599540045995401
prior,weak_or_half,8358,0.775,0.022697730226977297
prior,weak_or_half,8358,0.725,0.013598640135986407
prior,weak_or_half,8358,0.675,0.013598640135986407
prior,weak_or_half,8358,0.625,0.013598640135986407
prior,weak_or_half,8358,0.575,0.036396360363963584
prior,weak_or_half,8358,0.525,0.036396360363963584
prior,weak_or_half,8358,0.475,0.12268773122687723
prior,weak_or_half,8358,0.425,0.10908909109089089
prior,weak_or_half,8358,0.375,0.08639136086391358
prior,weak_or_half,8358,0.325,0.04999500049994999
prior,weak_or_half,8358,0.275,0.1408859114088591
prior,weak_or_half,8358,0.225,0.06819318068193177
prior,weak_or_half,8358,0.175,0.1408859114088591
prior,weak_or_half,8358,0.125,0.0181981801819818
prior,weak_or_half,8358,0.075,0.004599540045995401
prior,weak_or_half,8358,0.025,0.09539046095390456
literal,weak_or_half,8358,0.025,0.0069621620359288355
literal,weak_or_half,8358,0.075,0.0009399648534880857
literal,weak_or_half,8358,0.125,0.006375413788875718
literal,weak_or_half,8358,0.175,0.06992229234658424
literal,weak_or_half,8358,0.225,0.04379885919793557
literal,weak_or_half,8358,0.275,0.11105305255045732
literal,weak_or_half,8358,0.325,0.046706328123631624
literal,weak_or_half,8358,0.375,0.09331924359101605
literal,weak_or_half,8358,0.425,0.13376108545506543
literal,weak_or_half,8358,0.475,0.1683442022851069
literal,weak_or_half,8358,0.525,0.05525358617025623
literal,weak_or_half,8358,0.575,0.060566430994319305
literal,weak_or_half,8358,0.625,0.024614234921153895
literal,weak_or_half,8358,0.675,0.026599253866408278
literal,weak_or_half,8358,0.725,0.028584272811662585
literal,weak_or_half,8358,0.775,0.05102374432955985
literal,weak_or_half,8358,0.825,0.011011016855146178
literal,weak_or_half,8358,0.875,0.01168242032192338
literal,weak_or_half,8358,0.925,0.03652434859268001
literal,weak_or_half,8358,0.975,0.01295808690880006
pragmatic_unlifted,weak_or_half,8358,0.025,0.0004084813234645265
pragmatic_unlifted,weak_or_half,8358,0.075,0.00015426436971895097
pragmatic_unlifted,weak_or_half,8358,0.125,0.0017897275461705923
pragmatic_unlifted,weak_or_half,8358,0.175,0.027714222887116856
pragmatic_unlifted,weak_or_half,8358,0.225,0.022365003373828404
pragmatic_unlifted,weak_or_half,8358,0.275,0.06920449930498593
pragmatic_unlifted,weak_or_half,8358,0.325,0.034264296262801176
pragmatic_unlifted,weak_or_half,8358,0.375,0.07854061448938238
pragmatic_unlifted,weak_or_half,8358,0.425,0.1266618997868172
pragmatic_unlifted,weak_or_half,8358,0.475,0.17662866700008895
pragmatic_unlifted,weak_or_half,8358,0.525,0.06344441833291306
pragmatic_unlifted,weak_or_half,8358,0.575,0.07533236089377561
pragmatic_unlifted,weak_or_half,8358,0.625,0.03287713588300322
pragmatic_unlifted,weak_or_half,8358,0.675,0.03787159383290799
pragmatic_unlifted,weak_or_half,8358,0.725,0.04310336906440391
pragmatic_unlifted,weak_or_half,8358,0.775,0.08102944902852494
pragmatic_unlifted,weak_or_half,8358,0.825,0.01832368715209003
pragmatic_unlifted,weak_or_half,8358,0.875,0.020281337407447544
pragmatic_unlifted,weak_or_half,8358,0.925,0.06588501785987402
pragmatic_unlifted,weak_or_half,8358,0.975,0.02411995420068426
fixed_0.05,weak_or_half,8358,0.075,0.005084558417154858
fixed_0.05,weak_or_half,8358,0.125,0.020117165911351834
fixed_0.05,weak_or_half,8358,0.175,0.155742234995026
fixed_0.05,weak_or_half,8358,0.225,0.07538410522825244
fixed_0.05,weak_or_half,8358,0.275,0.155742234995026
fixed_0.05,weak_or_half,8358,0.325,0.05526693931690063
fixed_0.05,weak_or_half,8358,0.375,0.09550127113960429
fixed_0.05,weak_or_half,8358,0.425,0.12059246158947719
fixed_0.05,weak_or_half,8358,0.475,0.1356250690836741
fixed_0.05,weak_or_half,8358,0.525,0.04023433182270365
fixed_0.05,weak_or_half,8358,0.575,0.04023433182270365
fixed_0.05,weak_or_half,8358,0.625,0.015032607494196975
fixed_0.05,weak_or_half,8358,0.675,0.015032607494196975
fixed_0.05,weak_or_half,8358,0.725,0.015032607494196975
fixed_0.05,weak_or_half,8358,0.775,0.02509119044987289
fixed_0.05,weak_or_half,8358,0.825,0.005084558417154858
fixed_0.05,weak_or_half,8358,0.875,0.005084558417154858
fixed_0.05,weak_or_half,8358,0.925,0.015032607494196975
fixed_0.05,weak_or_half,8358,0.975,0.005084558417154858
fixed_0.1,weak_or_half,8358,0.125,0.02021997555827131
fixed_0.1,weak_or_half,8358,0.175,0.15653816242639712
fixed_0.1,weak_or_half,8358,0.225,0.07576935896011554
fixed_0.1,weak_or_half,8358,0.275,0.15653816242639712
fixed_0.1,weak_or_half,8358,0.325,0.05554938340184425
fixed_0.1,weak_or_half,8358,0.375,0.09598933451838686
fixed_0.1,weak_or_half,8358,0.425,0.12120875458282417
fixed_0.1,weak_or_half,8358,0.475,0.13631818686812575
fixed_0.1,weak_or_half,8358,0.525,0.040439951116542604
fixed_0.1,weak_or_half,8358,0.575,0.040439951116542604
fixed_0.1,weak_or_half,8358,0.625,0.015109432285301653
fixed_0.1,weak_or_half,8358,0.675,0.015109432285301653
fixed_0.1,weak_or_half,8358,0.725,0.015109432285301653
fixed_0.1,weak_or_half,8358,0.775,0.025219420064437295
fixed_0.1,weak_or_half,8358,0.825,0.005110543272969675
fixed_0.1,weak_or_half,8358,0.875,0.005110543272969675
fixed_0.1,weak_or_half,8358,0.925,0.015109432285301653
fixed_0.1,weak_or_half,8358,0.975,0.005110543272969675
fixed_0.3,weak_or_half,8358,0.325,0.09400263207369802
fixed_0.3,weak_or_half,8358,0.375,0.1624365482233502
fixed_0.3,weak_or_half,8358,0.425,0.20511374318480918
fixed_0.3,weak_or_half,8358,0.475,0.23068245910885496
fixed_0.3,weak_or_half,8358,0.525,0.06843391614965218
fixed_0.3,weak_or_half,8358,0.575,0.06843391614965218
fixed_0.3,weak_or_half,8358,0.625,0.02556871592404588
fixed_0.3,weak_or_half,8358,0.675,0.02556871592404588
fixed_0.3,weak_or_half,8358,0.725,0.02556871592404588
fixed_0.3,weak_or_half,8358,0.775,0.04267719496145893
fixed_0.3,weak_or_half,8358,0.825,0.008648242150780222
fixed_0.3,weak_or_half,8358,0.875,0.008648242150780222
fixed_0.3,weak_or_half,8358,0.925,0.02556871592404588
fixed_0.3,weak_or_half,8358,0.975,0.008648242150780222
prior,weak_or_strong,8358,0.975,0.004598620413875841
prior,weak_or_strong,8358,0.925,0.004598620413875841
prior,weak_or_strong,8358,0.875,0.004598620413875841
prior,weak_or_strong,8358,0.825,0.03179046286114167
prior,weak_or_strong,8358,0.775,0.05908227531740479
prior,weak_or_strong,8358,0.725,0.10456862941117663
prior,weak_or_strong,8358,0.675,0.10456862941117663
prior,weak_or_strong,8358,0.625,0.040887733679896024
prior,weak_or_strong,8358,0.575,0.009097270818754378
prior,weak_or_strong,8358,0.525,0.004598620413875841
prior,weak_or_strong,8358,0.475,0.14085774267719683
prior,weak_or_strong,8358,0.425,0.040887733679896024
prior,weak_or_strong,8358,0.375,0.018194541637508756
prior,weak_or_strong,8358,0.325,0.013595921223632913
prior,weak_or_strong,8358,0.275,0.0726781965410377
prior,weak_or_strong,8358,0.225,0.1726482055383385
prior,weak_or_strong,8358,0.175,0.09087273817854642
prior,weak_or_strong,8358,0.125,0.0726781965410377
prior,weak_or_strong,8358,0.075,0.004598620413875841
prior,weak_or_strong,8358,0.025,0.004598620413875841
literal,weak_or_strong,8358,0.025,0.0002617735499452552
literal,weak_or_strong,8358,0.075,0.0007329659398467147
literal,weak_or_strong,8358,0.125,0.019858369128020914
literal,weak_or_strong,8358,0.175,0.03517553623742631
literal,weak_or_strong,8358,0.225,0.08648542831843493
literal,weak_or_strong,8358,0.275,0.04468133053804708
literal,weak_or_strong,8358,0.325,0.009906421646623918
literal,weak_or_strong,8358,0.375,0.0153285485680987
literal,weak_or_strong,8358,0.425,0.03910213948660513
literal,weak_or_strong,8358,0.475,0.15074286780890983
literal,weak_or_strong,8358,0.525,0.005444889838861317
literal,weak_or_strong,8358,0.575,0.011807125248400345
literal,weak_or_strong,8358,0.625,0.05772220590879813
literal,weak_or_strong,8358,0.675,0.15952707762837715
literal,weak_or_strong,8358,0.725,0.17143208342153968
literal,weak_or_strong,8358,0.775,0.10358720815094544
literal,weak_or_strong,8358,0.825,0.05935658337715192
literal,weak_or_strong,8358,0.875,0.00910971953809489
literal,weak_or_strong,8358,0.925,0.00963326663798541
literal,weak_or_strong,8358,0.975,0.010104459027886861
pragmatic_unlifted,weak_or_strong,8358,0.025,0.000012278916015181672
pragmatic_unlifted,weak_or_strong,8358,0.075,0.00009620844201280691
pragmatic_unlifted,weak_or_strong,8358,0.125,0.004462441114089376
pragmatic_unlifted,weak_or_strong,8358,0.175,0.011175010988985799
pragmatic_unlifted,weak_or_strong,8358,0.225,0.03545934893998117
pragmatic_unlifted,weak_or_strong,8358,0.275,0.022405802946988896
pragmatic_unlifted,weak_or_strong,8358,0.325,0.005863335611362393
pragmatic_unlifted,weak_or_strong,8358,0.375,0.010439832716971237
pragmatic_unlifted,weak_or_strong,8358,0.425,0.03006513576986541
pragmatic_unlifted,weak_or_strong,8358,0.475,0.12890955963881043
pragmatic_unlifted,weak_or_strong,8358,0.525,0.005116817511710081
pragmatic_unlifted,weak_or_strong,8358,0.575,0.012072831370598166
pragmatic_unlifted,weak_or_strong,8358,0.625,0.06368529583865341
pragmatic_unlifted,weak_or_strong,8358,0.675,0.18856741902508
pragmatic_unlifted,weak_or_strong,8358,0.725,0.2157646608805855
pragmatic_unlifted,weak_or_strong,8358,0.775,0.13807132797575386
pragmatic_unlifted,weak_or_strong,8358,0.825,0.08338742127478073
pragmatic_unlifted,weak_or_strong,8358,0.875,0.013431397749427138
pragmatic_unlifted,weak_or_strong,8358,0.925,0.014849557430213668
pragmatic_unlifted,weak_or_strong,8358,0.975,0.016164315858114096
fixed_0.05,weak_or_strong,8358,0.075,0.004619865421311643
fixed_0.05,weak_or_strong,8358,0.125,0.07301396002812091
fixed_0.05,weak_or_strong,8358,0.175,0.09129255799939737
fixed_0.05,weak_or_strong,8358,0.225,0.17344581701315656
fixed_0.05,weak_or_strong,8358,0.275,0.07301396002812091
fixed_0.05,weak_or_strong,8358,0.325,0.013658732549964848
fixed_0.05,weak_or_strong,8358,0.375,0.01827859797127649
fixed_0.05,weak_or_strong,8358,0.425,0.041076629506879556
fixed_0.05,weak_or_strong,8358,0.475,0.1415084864919152
fixed_0.05,weak_or_strong,8358,0.525,0.004619865421311643
fixed_0.05,weak_or_strong,8358,0.575,0.009139298985638245
fixed_0.05,weak_or_strong,8358,0.625,0.041076629506879556
fixed_0.05,weak_or_strong,8358,0.675,0.10505172240634723
fixed_0.05,weak_or_strong,8358,0.725,0.10505172240634723
fixed_0.05,weak_or_strong,8358,0.775,0.05935522747815606
fixed_0.05,weak_or_strong,8358,0.825,0.03193733052124134
fixed_0.05,weak_or_strong,8358,0.875,0.004619865421311643
fixed_0.05,weak_or_strong,8358,0.925,0.004619865421311643
fixed_0.05,weak_or_strong,8358,0.975,0.004619865421311643
fixed_0.1,weak_or_strong,8358,0.125,0.07335284027847845
fixed_0.1,weak_or_strong,8358,0.175,0.09171627484613053
fixed_0.1,weak_or_strong,8358,0.225,0.17425083240843509
fixed_0.1,weak_or_strong,8358,0.275,0.07335284027847845
fixed_0.1,weak_or_strong,8358,0.325,0.013722126929674106
fixed_0.1,weak_or_strong,8358,0.375,0.01836343456765211
fixed_0.1,weak_or_strong,8358,0.425,0.04126727878115224
fixed_0.1,weak_or_strong,8358,0.475,0.14216527091110887
fixed_0.1,weak_or_strong,8358,0.525,0.004641307637978009
fixed_0.1,weak_or_strong,8358,0.575,0.009181717283826059
fixed_0.1,weak_or_strong,8358,0.625,0.04126727878115224
fixed_0.1,weak_or_strong,8358,0.675,0.10553929976793458
fixed_0.1,weak_or_strong,8358,0.725,0.10553929976793458
fixed_0.1,weak_or_strong,8358,0.775,0.059630713348804355
fixed_0.1,weak_or_strong,8358,0.825,0.03208556149732621
fixed_0.1,weak_or_strong,8358,0.875,0.004641307637978009
fixed_0.1,weak_or_strong,8358,0.925,0.004641307637978009
fixed_0.1,weak_or_strong,8358,0.975,0.004641307637978009
fixed_0.3,weak_or_strong,8358,0.325,0.023363683215942285
fixed_0.3,weak_or_strong,8358,0.375,0.03126610548015807
fixed_0.3,weak_or_strong,8358,0.425,0.07026284143617934
fixed_0.3,weak_or_strong,8358,0.475,0.2420546297886961
fixed_0.3,weak_or_strong,8358,0.525,0.00790242226421578
fixed_0.3,weak_or_strong,8358,0.575,0.015633052740079038
fixed_0.3,weak_or_strong,8358,0.625,0.07026284143617934
fixed_0.3,weak_or_strong,8358,0.675,0.1796942106167325
fixed_0.3,weak_or_strong,8358,0.725,0.1796942106167325
fixed_0.3,weak_or_strong,8358,0.775,0.10152894691633742
fixed_0.3,weak_or_strong,8358,0.825,0.05462978869610035
fixed_0.3,weak_or_strong,8358,0.875,0.00790242226421578
fixed_0.3,weak_or_strong,8358,0.925,0.00790242226421578
fixed_0.3,weak_or_strong,8358,0.975,0.00790242226421578
prior,half_or_deterministic,8359,0.975,0.2226332100369889
prior,half_or_deterministic,8359,0.925,0.05458362491252624
prior,half_or_deterministic,8359,0.875,0.040887733679896024
prior,half_or_deterministic,8359,0.825,0.040887733679896024
prior,half_or_deterministic,8359,0.775,0.027291812456263116
prior,half_or_deterministic,8359,0.725,0.022693192042387286
prior,half_or_deterministic,8359,0.675,0.05458362491252624
prior,half_or_deterministic,8359,0.625,0.06358092572228331
prior,half_or_deterministic,8359,0.575,0.07267819654103766
prior,half_or_deterministic,8359,0.525,0.07727681695491351
prior,half_or_deterministic,8359,0.475,0.1772468259522143
prior,half_or_deterministic,8359,0.425,0.049985004498650405
prior,half_or_deterministic,8359,0.375,0.0135959212236329
prior,half_or_deterministic,8359,0.325,0.027291812456263116
prior,half_or_deterministic,8359,0.275,0.00909727081875437
prior,half_or_deterministic,8359,0.225,0.027291812456263116
prior,half_or_deterministic,8359,0.175,0.004598620413875837
prior,half_or_deterministic,8359,0.125,0.004598620413875837
prior,half_or_deterministic,8359,0.075,0.004598620413875837
prior,half_or_deterministic,8359,0.025,0.004598620413875837
literal,half_or_deterministic,8359,0.025,0.0001748768828727862
literal,half_or_deterministic,8359,0.075,0.0004896552720438004
literal,half_or_deterministic,8359,0.125,0.0008394090377893725
literal,half_or_deterministic,8359,0.175,0.001189162803534945
literal,half_or_deterministic,8359,0.225,0.00913313529159959
literal,half_or_deterministic,8359,0.275,0.00373628261929074
literal,half_or_deterministic,8359,0.325,0.013284560424144862
literal,half_or_deterministic,8359,0.375,0.007652004127094426
literal,half_or_deterministic,8359,0.425,0.03193403948111745
literal,half_or_deterministic,8359,0.475,0.12671883066671424
literal,half_or_deterministic,8359,0.525,0.06112479290395229
literal,half_or_deterministic,8359,0.575,0.0630149839075251
literal,half_or_deterministic,8359,0.625,0.05996300213425831
literal,half_or_deterministic,8359,0.675,0.055629096776106675
literal,half_or_deterministic,8359,0.725,0.024853806727589717
literal,half_or_deterministic,8359,0.775,0.0319659735205986
literal,half_or_deterministic,8359,0.825,0.05100018171989131
literal,half_or_deterministic,8359,0.875,0.05410994889793345
literal,half_or_deterministic,8359,0.925,0.07638622243883302
literal,half_or_deterministic,8359,0.975,0.32680003436710925
pragmatic_unlifted,half_or_deterministic,8359,0.025,0.0000061401779992376194
pragmatic_unlifted,half_or_deterministic,8359,0.075,0.0000481259887831761
pragmatic_unlifted,half_or_deterministic,8359,0.125,0.00014134660923203048
pragmatic_unlifted,half_or_deterministic,8359,0.175,0.0002834152155677766
pragmatic_unlifted,half_or_deterministic,8359,0.225,0.0028134641728424473
pragmatic_unlifted,half_or_deterministic,8359,0.275,0.0014103671140865456
pragmatic_unlifted,half_or_deterministic,8359,0.325,0.00593226217694333
pragmatic_unlifted,half_or_deterministic,8359,0.375,0.003942393159707393
pragmatic_unlifted,half_or_deterministic,8359,0.425,0.018629973756978755
pragmatic_unlifted,half_or_deterministic,8359,0.475,0.08249762100327218
pragmatic_unlifted,half_or_deterministic,8359,0.525,0.04389194383666298
pragmatic_unlifted,half_or_deterministic,8359,0.575,0.049432660458372496
pragmatic_unlifted,half_or_deterministic,8359,0.625,0.05097679040900047
pragmatic_unlifted,half_or_deterministic,8359,0.675,0.05090362520896423
pragmatic_unlifted,half_or_deterministic,8359,0.725,0.02433580212729586
pragmatic_unlifted,half_or_deterministic,8359,0.775,0.03332136467685459
pragmatic_unlifted,half_or_deterministic,8359,0.825,0.05634181143955823
pragmatic_unlifted,half_or_deterministic,8359,0.875,0.06309889828532687
pragmatic_unlifted,half_or_deterministic,8359,0.925,0.09368916920149156
pragmatic_unlifted,half_or_deterministic,8359,0.975,0.4183028249810598
fixed_0.05,half_or_deterministic,8359,0.075,0.004619865421311643
fixed_0.05,half_or_deterministic,8359,0.125,0.004619865421311643
fixed_0.05,half_or_deterministic,8359,0.175,0.004619865421311643
fixed_0.05,half_or_deterministic,8359,0.225,0.027417896956914732
fixed_0.05,half_or_deterministic,8359,0.275,0.009139298985638245
fixed_0.05,half_or_deterministic,8359,0.325,0.027417896956914732
fixed_0.05,half_or_deterministic,8359,0.375,0.013658732549964848
fixed_0.05,half_or_deterministic,8359,0.425,0.05021592849251783
fixed_0.05,half_or_deterministic,8359,0.475,0.1780656824344682
fixed_0.05,half_or_deterministic,8359,0.525,0.07763382544943255
fixed_0.05,half_or_deterministic,8359,0.575,0.07301396002812091
fixed_0.05,half_or_deterministic,8359,0.625,0.06387466104248268
fixed_0.05,half_or_deterministic,8359,0.675,0.05483579391382947
fixed_0.05,half_or_deterministic,8359,0.725,0.0227980315356031
fixed_0.05,half_or_deterministic,8359,0.775,0.027417896956914732
fixed_0.05,half_or_deterministic,8359,0.825,0.041076629506879576
fixed_0.05,half_or_deterministic,8359,0.875,0.041076629506879576
fixed_0.05,half_or_deterministic,8359,0.925,0.05483579391382947
fixed_0.05,half_or_deterministic,8359,0.975,0.22366174550567441
fixed_0.1,half_or_deterministic,8359,0.125,0.004641307637978005
fixed_0.1,half_or_deterministic,8359,0.175,0.004641307637978005
fixed_0.1,half_or_deterministic,8359,0.225,0.02754515185147816
fixed_0.1,half_or_deterministic,8359,0.275,0.00918171728382605
fixed_0.1,half_or_deterministic,8359,0.325,0.02754515185147816
fixed_0.1,half_or_deterministic,8359,0.375,0.013722126929674094
fixed_0.1,half_or_deterministic,8359,0.425,0.05044899606497832
fixed_0.1,half_or_deterministic,8359,0.475,0.17889214004641307
fixed_0.1,half_or_deterministic,8359,0.525,0.07799414791645647
fixed_0.1,half_or_deterministic,8359,0.575,0.07335284027847845
fixed_0.1,half_or_deterministic,8359,0.625,0.06417112299465243
fixed_0.1,half_or_deterministic,8359,0.675,0.055090303702956325
fixed_0.1,half_or_deterministic,8359,0.725,0.02290384421350016
fixed_0.1,half_or_deterministic,8359,0.775,0.02754515185147816
fixed_0.1,half_or_deterministic,8359,0.825,0.04126727878115226
fixed_0.1,half_or_deterministic,8359,0.875,0.04126727878115226
fixed_0.1,half_or_deterministic,8359,0.925,0.055090303702956325
fixed_0.1,half_or_deterministic,8359,0.975,0.22469982847341344
fixed_0.3,half_or_deterministic,8359,0.325,0.028873611845584353
fixed_0.3,half_or_deterministic,8359,0.375,0.0143839238498149
fixed_0.3,half_or_deterministic,8359,0.425,0.052882072977260726
fixed_0.3,half_or_deterministic,8359,0.475,0.18751983077736645
fixed_0.3,half_or_deterministic,8359,0.525,0.08175568482284506
fixed_0.3,half_or_deterministic,8359,0.575,0.07689053410893708
fixed_0.3,half_or_deterministic,8359,0.625,0.06726599682707565
fixed_0.3,half_or_deterministic,8359,0.675,0.05774722369116871
fixed_0.3,half_or_deterministic,8359,0.725,0.024008461131676373
fixed_0.3,half_or_deterministic,8359,0.775,0.028873611845584353
fixed_0.3,half_or_deterministic,8359,0.825,0.043257535695399266
fixed_0.3,half_or_deterministic,8359,0.875,0.043257535695399266
fixed_0.3,half_or_deterministic,8359,0.925,0.05774722369116871
fixed_0.3,half_or_deterministic,8359,0.975,0.23553675304071928
prior,rare_deterministic,8359,0.975,0.22729999999999995
prior,rare_deterministic,8359,0.925,0.0954
prior,rare_deterministic,8359,0.875,0.0954
prior,rare_deterministic,8359,0.825,0.004600000000000001
prior,rare_deterministic,8359,0.775,0.013600000000000004
prior,rare_deterministic,8359,0.725,0.013600000000000004
prior,rare_deterministic,8359,0.675,0.018199999999999997
prior,rare_deterministic,8359,0.625,0.022700000000000005
prior,rare_deterministic,8359,0.575,0.018199999999999997
prior,rare_deterministic,8359,0.525,0.0273
prior,rare_deterministic,8359,0.475,0.07269999999999999
prior,rare_deterministic,8359,0.425,0.004600000000000001
prior,rare_deterministic,8359,0.375,0.009099999999999997
prior,rare_deterministic,8359,0.325,0.009099999999999997
prior,rare_deterministic,8359,0.275,0.0273
prior,rare_deterministic,8359,0.225,0.009099999999999997
prior,rare_deterministic,8359,0.175,0.022700000000000005
prior,rare_deterministic,8359,0.125,0.009099999999999997
prior,rare_deterministic,8359,0.075,0.05
prior,rare_deterministic,8359,0.025,0.24999999999999994
literal,rare_deterministic,8359,0.025,0.01176053296853727
literal,rare_deterministic,8359,0.075,0.006585898462380871
literal,rare_deterministic,8359,0.125,0.0020548003202628326
literal,rare_deterministic,8359,0.175,0.007261423476093656
literal,rare_deterministic,8359,0.225,0.003767133920481862
literal,rare_deterministic,8359,0.275,0.013869902161774118
literal,rare_deterministic,8359,0.325,0.005479467520700887
literal,rare_deterministic,8359,0.375,0.0063356343208104
literal,rare_deterministic,8359,0.425,0.0036354159512342406
literal,rare_deterministic,8359,0.475,0.06429530416031203
literal,rare_deterministic,8359,0.525,0.02671240416341686
literal,rare_deterministic,8359,0.575,0.01952060304249692
literal,rare_deterministic,8359,0.625,0.026482838559871005
literal,rare_deterministic,8359,0.675,0.02294527024293499
literal,rare_deterministic,8359,0.725,0.01842546221246674
literal,rare_deterministic,8359,0.775,0.0197050081994436
literal,rare_deterministic,8359,0.825,0.007097716857171629
literal,rare_deterministic,8359,0.875,0.1561761144516251
literal,rare_deterministic,8359,0.925,0.1651517532132127
literal,rare_deterministic,8359,0.975,0.4127373157947723
pragmatic_unlifted,rare_deterministic,8359,0.025,0.0003859909011177355
pragmatic_unlifted,rare_deterministic,8359,0.075,0.0006049835329837419
pragmatic_unlifted,rare_deterministic,8359,0.125,0.0003232827791542201
pragmatic_unlifted,rare_deterministic,8359,0.175,0.0016161974713592014
pragmatic_unlifted,rare_deterministic,8359,0.225,0.0010830318046555778
pragmatic_unlifted,rare_deterministic,8359,0.275,0.004882263737920941
pragmatic_unlifted,rare_deterministic,8359,0.325,0.0022795196971674724
pragmatic_unlifted,rare_deterministic,8359,0.375,0.0030374830534955137
pragmatic_unlifted,rare_deterministic,8359,0.425,0.0019710178867085658
pragmatic_unlifted,rare_deterministic,8359,0.475,0.03884452419557909
pragmatic_unlifted,rare_deterministic,8359,0.525,0.017772048191635352
pragmatic_unlifted,rare_deterministic,8359,0.575,0.014163267161584033
pragmatic_unlifted,rare_deterministic,8359,0.625,0.0207842585987791
pragmatic_unlifted,rare_deterministic,8359,0.675,0.019343775389790294
pragmatic_unlifted,rare_deterministic,8359,0.725,0.01658572778080139
pragmatic_unlifted,rare_deterministic,8359,0.775,0.018839980501975308
pragmatic_unlifted,rare_deterministic,8359,0.825,0.007174604581858019
pragmatic_unlifted,rare_deterministic,8359,0.875,0.166218177224709
pragmatic_unlifted,rare_deterministic,8359,0.925,0.18438510782262083
pragmatic_unlifted,rare_deterministic,8359,0.975,0.47970475768610427
fixed_0.05,rare_deterministic,8359,0.075,0.0666666666666667
fixed_0.05,rare_deterministic,8359,0.125,0.01213333333333333
fixed_0.05,rare_deterministic,8359,0.175,0.030266666666666685
fixed_0.05,rare_deterministic,8359,0.225,0.01213333333333333
fixed_0.05,rare_deterministic,8359,0.275,0.036400000000000016
fixed_0.05,rare_deterministic,8359,0.325,0.01213333333333333
fixed_0.05,rare_deterministic,8359,0.375,0.01213333333333333
fixed_0.05,rare_deterministic,8359,0.425,0.006133333333333333
fixed_0.05,rare_deterministic,8359,0.475,0.09693333333333336
fixed_0.05,rare_deterministic,8359,0.525,0.036400000000000016
fixed_0.05,rare_deterministic,8359,0.575,0.02426666666666667
fixed_0.05,rare_deterministic,8359,0.625,0.030266666666666685
fixed_0.05,rare_deterministic,8359,0.675,0.02426666666666667
fixed_0.05,rare_deterministic,8359,0.725,0.018133333333333355
fixed_0.05,rare_deterministic,8359,0.775,0.018133333333333355
fixed_0.05,rare_deterministic,8359,0.825,0.006133333333333333
fixed_0.05,rare_deterministic,8359,0.875,0.12720000000000004
fixed_0.05,rare_deterministic,8359,0.925,0.12720000000000004
fixed_0.05,rare_deterministic,8359,0.975,0.30306666666666665
fixed_0.1,rare_deterministic,8359,0.125,0.012999999999999998
fixed_0.1,rare_deterministic,8359,0.175,0.03242857142857144
fixed_0.1,rare_deterministic,8359,0.225,0.012999999999999998
fixed_0.1,rare_deterministic,8359,0.275,0.03900000000000001
fixed_0.1,rare_deterministic,8359,0.325,0.012999999999999998
fixed_0.1,rare_deterministic,8359,0.375,0.012999999999999998
fixed_0.1,rare_deterministic,8359,0.425,0.006571428571428573
fixed_0.1,rare_deterministic,8359,0.475,0.10385714285714286
fixed_0.1,rare_deterministic,8359,0.525,0.03900000000000001
fixed_0.1,rare_deterministic,8359,0.575,0.025999999999999995
fixed_0.1,rare_deterministic,8359,0.625,0.03242857142857144
fixed_0.1,rare_deterministic,8359,0.675,0.025999999999999995
fixed_0.1,rare_deterministic,8359,0.725,0.019428571428571437
fixed_0.1,rare_deterministic,8359,0.775,0.019428571428571437
fixed_0.1,rare_deterministic,8359,0.825,0.006571428571428573
fixed_0.1,rare_deterministic,8359,0.875,0.1362857142857143
fixed_0.1,rare_deterministic,8359,0.925,0.1362857142857143
fixed_0.1,rare_deterministic,8359,0.975,0.3247142857142856
fixed_0.3,rare_deterministic,8359,0.325,0.01440329218106995
fixed_0.3,rare_deterministic,8359,0.375,0.01440329218106995
fixed_0.3,rare_deterministic,8359,0.425,0.007280785058562835
fixed_0.3,rare_deterministic,8359,0.475,0.11506805951250396
fixed_0.3,rare_deterministic,8359,0.525,0.04320987654320988
fixed_0.3,rare_deterministic,8359,0.575,0.028806584362139915
fixed_0.3,rare_deterministic,8359,0.625,0.035929091484647055
fixed_0.3,rare_deterministic,8359,0.675,0.028806584362139915
fixed_0.3,rare_deterministic,8359,0.725,0.021525799303577092
fixed_0.3,rare_deterministic,8359,0.775,0.021525799303577092
fixed_0.3,rare_deterministic,8359,0.825,0.007280785058562835
fixed_0.3,rare_deterministic,8359,0.875,0.150997150997151
fixed_0.3,rare_deterministic,8359,0.925,0.150997150997151
fixed_0.3,rare_deterministic,8359,0.975,0.3597657486546375
prior,rare_half,8359,0.975,0.004598160735705716
prior,rare_half,8359,0.925,0.004598160735705716
prior,rare_half,8359,0.875,0.004598160735705716
prior,rare_half,8359,0.825,0.004598160735705716
prior,rare_half,8359,0.775,0.004598160735705716
prior,rare_half,8359,0.725,0.004598160735705716
prior,rare_half,8359,0.675,0.009096361455417834
prior,rare_half,8359,0.625,0.018192722910835655
prior,rare_half,8359,0.575,0.027289084366253512
prior,rare_half,8359,0.525,0.09996001599360257
prior,rare_half,8359,0.475,0.19992003198720518
prior,rare_half,8359,0.425,0.07267093162734908
prior,rare_half,8359,0.375,0.06817273090763697
prior,rare_half,8359,0.325,0.02269092363054779
prior,rare_half,8359,0.275,0.04088364654138346
prior,rare_half,8359,0.225,0.031787285085965615
prior,rare_half,8359,0.175,0.018192722910835655
prior,rare_half,8359,0.125,0.009096361455417834
prior,rare_half,8359,0.075,0.04998000799680129
prior,rare_half,8359,0.025,0.30447820871651343
literal,rare_half,8359,0.025,0.025501234038705595
literal,rare_half,8359,0.075,0.011720856091328904
literal,rare_half,8359,0.125,0.00365690710049462
literal,rare_half,8359,0.175,0.010361236784734744
literal,rare_half,8359,0.225,0.023428316918553467
literal,rare_half,8359,0.275,0.036980975376155766
literal,rare_half,8359,0.325,0.02432579961354662
literal,rare_half,8359,0.375,0.08450402360245535
literal,rare_half,8359,0.425,0.10225274854075334
literal,rare_half,8359,0.475,0.3147887064528336
literal,rare_half,8359,0.525,0.17413843335688683
literal,rare_half,8359,0.575,0.05211092618204838
literal,rare_half,8359,0.625,0.037788040038444395
literal,rare_half,8359,0.675,0.02041773131109498
literal,rare_half,8359,0.725,0.01109127867842324
literal,rare_half,8359,0.775,0.011861506364424849
literal,rare_half,8359,0.825,0.012631734050426472
literal,rare_half,8359,0.875,0.013401961736428082
literal,rare_half,8359,0.925,0.014172189422429713
literal,rare_half,8359,0.975,0.01486539433983115
pragmatic_unlifted,rare_half,8359,0.025,0.0014716121861162936
pragmatic_unlifted,rare_half,8359,0.075,0.0018913881382321717
pragmatic_unlifted,rare_half,8359,0.125,0.001008688198036845
pragmatic_unlifted,rare_half,8359,0.175,0.004030916879305859
pragmatic_unlifted,rare_half,8359,0.225,0.011725743992138368
pragmatic_unlifted,rare_half,8359,0.275,0.02254837801381013
pragmatic_unlifted,rare_half,8359,0.325,0.0174246537506385
pragmatic_unlifted,rare_half,8359,0.375,0.06927776836231932
pragmatic_unlifted,rare_half,8359,0.425,0.09406311391403534
pragmatic_unlifted,rare_half,8359,0.475,0.3199083680473277
pragmatic_unlifted,rare_half,8359,0.525,0.19305261417618672
pragmatic_unlifted,rare_half,8359,0.575,0.06236340325850803
pragmatic_unlifted,rare_half,8359,0.625,0.04838657643096651
pragmatic_unlifted,rare_half,8359,0.675,0.027761555157985177
pragmatic_unlifted,rare_half,8359,0.725,0.015907965092116685
pragmatic_unlifted,rare_half,8359,0.775,0.017842395435512366
pragmatic_unlifted,rare_half,8359,0.825,0.019825830564702693
pragmatic_unlifted,rare_half,8359,0.875,0.021847956443906212
pragmatic_unlifted,rare_half,8359,0.925,0.02389900010102206
pragmatic_unlifted,rare_half,8359,0.975,0.02576207185713274
fixed_0.05,rare_half,8359,0.075,0.0718597298074159
fixed_0.05,rare_half,8359,0.125,0.0130784708249497
fixed_0.05,rare_half,8359,0.175,0.026156941649899366
fixed_0.05,rare_half,8359,0.225,0.04570278815751651
fixed_0.05,rare_half,8359,0.275,0.05878125898246622
fixed_0.05,rare_half,8359,0.325,0.03262431733256682
fixed_0.05,rare_half,8359,0.375,0.0980166714573153
fixed_0.05,rare_half,8359,0.425,0.10448404713998274
fixed_0.05,rare_half,8359,0.475,0.28743891922966375
fixed_0.05,rare_half,8359,0.525,0.14371945961483185
fixed_0.05,rare_half,8359,0.575,0.039235412474849095
fixed_0.05,rare_half,8359,0.625,0.026156941649899366
fixed_0.05,rare_half,8359,0.675,0.0130784708249497
fixed_0.05,rare_half,8359,0.725,0.006611095142282263
fixed_0.05,rare_half,8359,0.775,0.006611095142282263
fixed_0.05,rare_half,8359,0.825,0.006611095142282263
fixed_0.05,rare_half,8359,0.875,0.006611095142282263
fixed_0.05,rare_half,8359,0.925,0.006611095142282263
fixed_0.05,rare_half,8359,0.975,0.006611095142282263
fixed_0.1,rare_half,8359,0.125,0.014091049860637958
fixed_0.1,rare_half,8359,0.175,0.02818209972127591
fixed_0.1,rare_half,8359,0.225,0.04924125116135025
fixed_0.1,rare_half,8359,0.275,0.06333230102198824
fixed_0.1,rare_half,8359,0.325,0.03515020130071229
fixed_0.1,rare_half,8359,0.375,0.10560545060390213
fixed_0.1,rare_half,8359,0.425,0.11257355218333849
fixed_0.1,rare_half,8359,0.475,0.3096934035305048
fixed_0.1,rare_half,8359,0.525,0.15484670176525236
fixed_0.1,rare_half,8359,0.575,0.04227314958191391
fixed_0.1,rare_half,8359,0.625,0.02818209972127591
fixed_0.1,rare_half,8359,0.675,0.014091049860637958
fixed_0.1,rare_half,8359,0.725,0.0071229482812016015
fixed_0.1,rare_half,8359,0.775,0.0071229482812016015
fixed_0.1,rare_half,8359,0.825,0.0071229482812016015
fixed_0.1,rare_half,8359,0.875,0.0071229482812016015
fixed_0.1,rare_half,8359,0.925,0.0071229482812016015
fixed_0.1,rare_half,8359,0.975,0.0071229482812016015
fixed_0.3,rare_half,8359,0.325,0.04159032612678634
fixed_0.3,rare_half,8359,0.375,0.12495419567607174
fixed_0.3,rare_half,8359,0.425,0.13319897398314393
fixed_0.3,rare_half,8359,0.475,0.36643459142543033
fixed_0.3,rare_half,8359,0.525,0.18321729571271517
fixed_0.3,rare_half,8359,0.575,0.050018321729571255
fixed_0.3,rare_half,8359,0.625,0.03334554781971413
fixed_0.3,rare_half,8359,0.675,0.01667277390985708
fixed_0.3,rare_half,8359,0.725,0.008427995602784892
fixed_0.3,rare_half,8359,0.775,0.008427995602784892
fixed_0.3,rare_half,8359,0.825,0.008427995602784892
fixed_0.3,rare_half,8359,0.875,0.008427995602784892
fixed_0.3,rare_half,8359,0.925,0.008427995602784892
fixed_0.3,rare_half,8359,0.975,0.008427995602784892
prior,rare_strong,8359,0.975,0.004599080183963209
prior,rare_strong,8359,0.925,0.004599080183963209
prior,rare_strong,8359,0.875,0.013597280543891218
prior,rare_strong,8359,0.825,0.027294541091781654
prior,rare_strong,8359,0.775,0.10457908418316335
prior,rare_strong,8359,0.725,0.1726654669066186
prior,rare_strong,8359,0.675,0.09998000399920016
prior,rare_strong,8359,0.625,0.07268546290741854
prior,rare_strong,8359,0.575,0.03179364127174565
prior,rare_strong,8359,0.525,0.013597280543891218
prior,rare_strong,8359,0.475,0.004599080183963209
prior,rare_strong,8359,0.425,0.004599080183963209
prior,rare_strong,8359,0.375,0.004599080183963209
prior,rare_strong,8359,0.325,0.03179364127174565
prior,rare_strong,8359,0.275,0.02269546090781844
prior,rare_strong,8359,0.225,0.01819636072785443
prior,rare_strong,8359,0.175,0.009098180363927216
prior,rare_strong,8359,0.125,0.03639272145570886
prior,rare_strong,8359,0.075,0.04539092181563688
prior,rare_strong,8359,0.025,0.27724455108978197
literal,rare_strong,8359,0.025,0.016228616909832544
literal,rare_strong,8359,0.075,0.007439530405978773
literal,rare_strong,8359,0.125,0.010225257650508277
literal,rare_strong,8359,0.175,0.0036214454178883464
literal,rare_strong,8359,0.225,0.009373152846299259
literal,rare_strong,8359,0.275,0.014347665782959073
literal,rare_strong,8359,0.325,0.023821479361623682
literal,rare_strong,8359,0.375,0.003984292243856476
literal,rare_strong,8359,0.425,0.004522710114647889
literal,rare_strong,8359,0.475,0.00506112798543931
literal,rare_strong,8359,0.525,0.01655517905320389
literal,rare_strong,8359,0.575,0.042432010112892174
literal,rare_strong,8359,0.625,0.10551585699153167
literal,rare_strong,8359,0.675,0.1568434667088038
literal,rare_strong,8359,0.725,0.2910827466334251
literal,rare_strong,8359,0.775,0.18854457456209647
literal,rare_strong,8359,0.825,0.05240444545885492
literal,rare_strong,8359,0.875,0.02769808803132187
literal,rare_strong,8359,0.925,0.009906888822562066
literal,rare_strong,8359,0.975,0.01039146490627433
pragmatic_unlifted,rare_strong,8359,0.025,0.000655593273158167
pragmatic_unlifted,rare_strong,8359,0.075,0.000840966196686834
pragmatic_unlifted,rare_strong,8359,0.125,0.0019786699172380283
pragmatic_unlifted,rare_strong,8359,0.175,0.0009906231224524047
pragmatic_unlifted,rare_strong,8359,0.225,0.003308450969077492
pragmatic_unlifted,rare_strong,8359,0.275,0.006192725611521755
pragmatic_unlifted,rare_strong,8359,0.325,0.012132806515495476
pragmatic_unlifted,rare_strong,8359,0.375,0.002334482316055868
pragmatic_unlifted,rare_strong,8359,0.425,0.00299071448943132
pragmatic_unlifted,rare_strong,8359,0.475,0.0037210095488848603
pragmatic_unlifted,rare_strong,8359,0.525,0.013370476435730022
pragmatic_unlifted,rare_strong,8359,0.575,0.037272106118509125
pragmatic_unlifted,rare_strong,8359,0.625,0.09996531866771913
pragmatic_unlifted,rare_strong,8359,0.675,0.15912249899821496
pragmatic_unlifted,rare_strong,8359,0.725,0.3142848087828486
pragmatic_unlifted,rare_strong,8359,0.775,0.21547900182968466
pragmatic_unlifted,rare_strong,8359,0.825,0.06308962514798648
pragmatic_unlifted,rare_strong,8359,0.875,0.03497674344554767
pragmatic_unlifted,rare_strong,8359,0.925,0.013071853457834385
pragmatic_unlifted,rare_strong,8359,0.975,0.014221525155922963
fixed_0.05,rare_strong,8359,0.075,0.06280260063632595
fixed_0.05,rare_strong,8359,0.125,0.05035274588463137
fixed_0.05,rare_strong,8359,0.175,0.012588186471157841
fixed_0.05,rare_strong,8359,0.225,0.025176372942315683
fixed_0.05,rare_strong,8359,0.275,0.03140130031816297
fixed_0.05,rare_strong,8359,0.325,0.043989486789320804
fixed_0.05,rare_strong,8359,0.375,0.006363259095310559
fixed_0.05,rare_strong,8359,0.425,0.006363259095310559
fixed_0.05,rare_strong,8359,0.475,0.006363259095310559
fixed_0.05,rare_strong,8359,0.525,0.01881311384700512
fixed_0.05,rare_strong,8359,0.575,0.043989486789320804
fixed_0.05,rare_strong,8359,0.625,0.10056716004979947
fixed_0.05,rare_strong,8359,0.675,0.138331719463273
fixed_0.05,rare_strong,8359,0.725,0.23889887951307234
fixed_0.05,rare_strong,8359,0.775,0.14469497855858351
fixed_0.05,rare_strong,8359,0.825,0.037764559413473536
fixed_0.05,rare_strong,8359,0.875,0.01881311384700512
fixed_0.05,rare_strong,8359,0.925,0.006363259095310559
fixed_0.05,rare_strong,8359,0.975,0.006363259095310559
fixed_0.1,rare_strong,8359,0.125,0.053726937269372714
fixed_0.1,rare_strong,8359,0.175,0.013431734317343177
fixed_0.1,rare_strong,8359,0.225,0.026863468634686354
fixed_0.1,rare_strong,8359,0.275,0.03350553505535056
fixed_0.1,rare_strong,8359,0.325,0.046937269372693734
fixed_0.1,rare_strong,8359,0.375,0.006789667896678971
fixed_0.1,rare_strong,8359,0.425,0.006789667896678971
fixed_0.1,rare_strong,8359,0.475,0.006789667896678971
fixed_0.1,rare_strong,8359,0.525,0.02007380073800738
fixed_0.1,rare_strong,8359,0.575,0.046937269372693734
fixed_0.1,rare_strong,8359,0.625,0.10730627306273066
fixed_0.1,rare_strong,8359,0.675,0.14760147601476015
fixed_0.1,rare_strong,8359,0.725,0.2549077490774907
fixed_0.1,rare_strong,8359,0.775,0.15439114391143907
fixed_0.1,rare_strong,8359,0.825,0.04029520295202954
fixed_0.1,rare_strong,8359,0.875,0.02007380073800738
fixed_0.1,rare_strong,8359,0.925,0.006789667896678971
fixed_0.1,rare_strong,8359,0.975,0.006789667896678971
fixed_0.3,rare_strong,8359,0.325,0.05379800372187449
fixed_0.3,rare_strong,8359,0.375,0.00778210116731518
fixed_0.3,rare_strong,8359,0.425,0.00778210116731518
fixed_0.3,rare_strong,8359,0.475,0.00778210116731518
fixed_0.3,rare_strong,8359,0.525,0.02300795127727965
fixed_0.3,rare_strong,8359,0.575,0.05379800372187449
fixed_0.3,rare_strong,8359,0.625,0.12299103366604641
fixed_0.3,rare_strong,8359,0.675,0.16917611233293867
fixed_0.3,rare_strong,8359,0.725,0.2921671459989849
fixed_0.3,rare_strong,8359,0.775,0.17695821350025379
fixed_0.3,rare_strong,8359,0.825,0.04618507866689227
fixed_0.3,rare_strong,8359,0.875,0.02300795127727965
fixed_0.3,rare_strong,8359,0.925,0.00778210116731518
fixed_0.3,rare_strong,8359,0.975,0.00778210116731518
prior,rare_weak,8359,0.975,0.004597241655006999
prior,rare_weak,8359,0.925,0.004597241655006999
prior,rare_weak,8359,0.875,0.009094543274035582
prior,rare_weak,8359,0.825,0.004597241655006999
prior,rare_weak,8359,0.775,0.004597241655006999
prior,rare_weak,8359,0.725,0.004597241655006999
prior,rare_weak,8359,0.675,0.018189086548071165
prior,rare_weak,8359,0.625,0.009094543274035582
prior,rare_weak,8359,0.575,0.004597241655006999
prior,rare_weak,8359,0.525,0.004597241655006999
prior,rare_weak,8359,0.475,0.009094543274035582
prior,rare_weak,8359,0.425,0.004597241655006999
prior,rare_weak,8359,0.375,0.004597241655006999
prior,rare_weak,8359,0.325,0.02268638816709975
prior,rare_weak,8359,0.275,0.0863481910853488
prior,rare_weak,8359,0.225,0.10453727763341997
prior,rare_weak,8359,0.175,0.12262642414551275
prior,rare_weak,8359,0.125,0.10453727763341997
prior,rare_weak,8359,0.075,0.14991005396761944
prior,rare_weak,8359,0.025,0.32250649610233867
literal,rare_weak,8359,0.025,0.04932516087614446
literal,rare_weak,8359,0.075,0.06419760634639192
literal,rare_weak,8359,0.125,0.07674365284380114
literal,rare_weak,8359,0.175,0.12753313055041807
literal,rare_weak,8359,0.225,0.140696696880302
literal,rare_weak,8359,0.275,0.14262873912844104
literal,rare_weak,8359,0.325,0.044412515476208676
literal,rare_weak,8359,0.375,0.010406126285862778
literal,rare_weak,8359,0.425,0.011812359567736118
literal,rare_weak,8359,0.475,0.026149824985096982
literal,rare_weak,8359,0.525,0.014624826131482827
literal,rare_weak,8359,0.575,0.016031059413356183
literal,rare_weak,8359,0.625,0.03449551381012797
literal,rare_weak,8359,0.675,0.07455482017027662
literal,rare_weak,8359,0.725,0.020249759258976208
literal,rare_weak,8359,0.775,0.021655992540849562
literal,rare_weak,8359,0.825,0.02306222582272291
literal,rare_weak,8359,0.875,0.048404995185179565
literal,rare_weak,8359,0.925,0.02587469238646963
literal,rare_weak,8359,0.975,0.027140302340155614
pragmatic_unlifted,rare_weak,8359,0.025,0.004480054726863066
pragmatic_unlifted,rare_weak,8359,0.075,0.01625542733395505
pragmatic_unlifted,rare_weak,8359,0.125,0.03299341334961014
pragmatic_unlifted,rare_weak,8359,0.175,0.07655526377936436
pragmatic_unlifted,rare_weak,8359,0.225,0.10722061908822798
pragmatic_unlifted,rare_weak,8359,0.275,0.130285618918409
pragmatic_unlifted,rare_weak,8359,0.325,0.04676881283036456
pragmatic_unlifted,rare_weak,8359,0.375,0.012278316531298442
pragmatic_unlifted,rare_weak,8359,0.425,0.015279593153462587
pragmatic_unlifted,rare_weak,8359,0.475,0.03644718535041414
pragmatic_unlifted,rare_weak,8359,0.525,0.021658017719867317
pragmatic_unlifted,rare_weak,8359,0.575,0.024934604158834868
pragmatic_unlifted,rare_weak,8359,0.625,0.05581156854145339
pragmatic_unlifted,rare_weak,8359,0.675,0.12445995498022214
pragmatic_unlifted,rare_weak,8359,0.725,0.034639804926334
pragmatic_unlifted,rare_weak,8359,0.775,0.03773889959455492
pragmatic_unlifted,rare_weak,8359,0.825,0.04073737573898162
pragmatic_unlifted,rare_weak,8359,0.875,0.08629795035003954
pragmatic_unlifted,rare_weak,8359,0.925,0.04638812592504603
pragmatic_unlifted,rare_weak,8359,0.975,0.048769393002696705
fixed_0.05,rare_weak,8359,0.075,0.2212715739784628
fixed_0.05,rare_weak,8359,0.125,0.15430004425431473
fixed_0.05,rare_weak,8359,0.175,0.18100014751438265
fixed_0.05,rare_weak,8359,0.225,0.15430004425431473
fixed_0.05,rare_weak,8359,0.275,0.12745242661159456
fixed_0.05,rare_weak,8359,0.325,0.03348576486207404
fixed_0.05,rare_weak,8359,0.375,0.006785661602006195
fixed_0.05,rare_weak,8359,0.425,0.006785661602006195
fixed_0.05,rare_weak,8359,0.475,0.013423808821360076
fixed_0.05,rare_weak,8359,0.525,0.006785661602006195
fixed_0.05,rare_weak,8359,0.575,0.006785661602006195
fixed_0.05,rare_weak,8359,0.625,0.013423808821360076
fixed_0.05,rare_weak,8359,0.675,0.026847617642720156
fixed_0.05,rare_weak,8359,0.725,0.006785661602006195
fixed_0.05,rare_weak,8359,0.775,0.006785661602006195
fixed_0.05,rare_weak,8359,0.825,0.006785661602006195
fixed_0.05,rare_weak,8359,0.875,0.013423808821360076
fixed_0.05,rare_weak,8359,0.925,0.006785661602006195
fixed_0.05,rare_weak,8359,0.975,0.006785661602006195
fixed_0.1,rare_weak,8359,0.125,0.19814358780071978
fixed_0.1,rare_weak,8359,0.175,0.23243038454252699
fixed_0.1,rare_weak,8359,0.225,0.19814358780071978
fixed_0.1,rare_weak,8359,0.275,0.16366736124265957
fixed_0.1,rare_weak,8359,0.325,0.04300056828944876
fixed_0.1,rare_weak,8359,0.375,0.008713771547641604
fixed_0.1,rare_weak,8359,0.425,0.008713771547641604
fixed_0.1,rare_weak,8359,0.475,0.017238113279030125
fixed_0.1,rare_weak,8359,0.525,0.008713771547641604
fixed_0.1,rare_weak,8359,0.575,0.008713771547641604
fixed_0.1,rare_weak,8359,0.625,0.017238113279030125
fixed_0.1,rare_weak,8359,0.675,0.034476226558060236
fixed_0.1,rare_weak,8359,0.725,0.008713771547641604
fixed_0.1,rare_weak,8359,0.775,0.008713771547641604
fixed_0.1,rare_weak,8359,0.825,0.008713771547641604
fixed_0.1,rare_weak,8359,0.875,0.017238113279030125
fixed_0.1,rare_weak,8359,0.925,0.008713771547641604
fixed_0.1,rare_weak,8359,0.975,0.008713771547641604
fixed_0.3,rare_weak,8359,0.325,0.20711678832116784
fixed_0.3,rare_weak,8359,0.375,0.04197080291970803
fixed_0.3,rare_weak,8359,0.425,0.04197080291970803
fixed_0.3,rare_weak,8359,0.475,0.08302919708029195
fixed_0.3,rare_weak,8359,0.525,0.04197080291970803
fixed_0.3,rare_weak,8359,0.575,0.04197080291970803
fixed_0.3,rare_weak,8359,0.625,0.08302919708029195
fixed_0.3,rare_weak,8359,0.675,0.1660583941605839
fixed_0.3,rare_weak,8359,0.725,0.04197080291970803
fixed_0.3,rare_weak,8359,0.775,0.04197080291970803
fixed_0.3,rare_weak,8359,0.825,0.04197080291970803
fixed_0.3,rare_weak,8359,0.875,0.08302919708029195
fixed_0.3,rare_weak,8359,0.925,0.04197080291970803
fixed_0.3,rare_weak,8359,0.975,0.04197080291970803
prior,strong_or_deterministic,8359,0.975,0.19990004997501254
prior,strong_or_deterministic,8359,0.925,0.07726136931534232
prior,strong_or_deterministic,8359,0.875,0.06816591704147927
prior,strong_or_deterministic,8359,0.825,0.10454772613693157
prior,strong_or_deterministic,8359,0.775,0.15452273863068466
prior,strong_or_deterministic,8359,0.725,0.18170914542728633
prior,strong_or_deterministic,8359,0.675,0.0590704647676162
prior,strong_or_deterministic,8359,0.625,0.0590704647676162
prior,strong_or_deterministic,8359,0.575,0.013593203398300852
prior,strong_or_deterministic,8359,0.525,0.004597701149425287
prior,strong_or_deterministic,8359,0.475,0.022688655672163924
prior,strong_or_deterministic,8359,0.425,0.004597701149425287
prior,strong_or_deterministic,8359,0.375,0.004597701149425287
prior,strong_or_deterministic,8359,0.325,0.004597701149425287
prior,strong_or_deterministic,8359,0.275,0.004597701149425287
prior,strong_or_deterministic,8359,0.225,0.013593203398300852
prior,strong_or_deterministic,8359,0.175,0.009095452273863073
prior,strong_or_deterministic,8359,0.125,0.004597701149425287
prior,strong_or_deterministic,8359,0.075,0.004597701149425287
prior,strong_or_deterministic,8359,0.025,0.004597701149425287
literal,strong_or_deterministic,8359,0.025,0.00014972242763849975
literal,strong_or_deterministic,8359,0.075,0.0004192227973877986
literal,strong_or_deterministic,8359,0.125,0.000718667652664798
literal,strong_or_deterministic,8359,0.175,0.0020140921352761673
literal,strong_or_deterministic,8359,0.225,0.0038953869869077485
literal,strong_or_deterministic,8359,0.275,0.0016170022184957959
literal,strong_or_deterministic,8359,0.325,0.001916447073772796
literal,strong_or_deterministic,8359,0.375,0.002215891929049795
literal,strong_or_deterministic,8359,0.425,0.0025153367843267927
literal,strong_or_deterministic,8359,0.475,0.013890335482392643
literal,strong_or_deterministic,8359,0.525,0.0031142264948807938
literal,strong_or_deterministic,8359,0.575,0.010092593556988265
literal,strong_or_deterministic,8359,0.625,0.047705471248086176
literal,strong_or_deterministic,8359,0.675,0.05155268667131893
literal,strong_or_deterministic,8359,0.725,0.17041797294060063
literal,strong_or_deterministic,8359,0.775,0.15498484548645464
literal,strong_or_deterministic,8359,0.825,0.11166949620356002
literal,strong_or_deterministic,8359,0.875,0.07724896105654562
literal,strong_or_deterministic,8359,0.925,0.09258834925164816
literal,strong_or_deterministic,8359,0.975,0.25127329160200407
pragmatic_unlifted,strong_or_deterministic,8359,0.025,0.000004768373950531831
pragmatic_unlifted,strong_or_deterministic,8359,0.075,0.00003737664419929655
pragmatic_unlifted,strong_or_deterministic,8359,0.125,0.00010979322151374009
pragmatic_unlifted,strong_or_deterministic,8359,0.175,0.00043561495895505476
pragmatic_unlifted,strong_or_deterministic,8359,0.225,0.001089321068515252
pragmatic_unlifted,strong_or_deterministic,8359,0.275,0.0005543257921077963
pragmatic_unlifted,strong_or_deterministic,8359,0.325,0.0007775815666192726
pragmatic_unlifted,strong_or_deterministic,8359,0.375,0.0010379074918101551
pragmatic_unlifted,strong_or_deterministic,8359,0.425,0.0013349475690319812
pragmatic_unlifted,strong_or_deterministic,8359,0.475,0.008232686338457553
pragmatic_unlifted,strong_or_deterministic,8359,0.525,0.002037506907743252
pragmatic_unlifted,strong_or_deterministic,8359,0.575,0.007220060008262064
pragmatic_unlifted,strong_or_deterministic,8359,0.625,0.037020683670929436
pragmatic_unlifted,strong_or_deterministic,8359,0.675,0.043105889194222
pragmatic_unlifted,strong_or_deterministic,8359,0.725,0.15264751810808633
pragmatic_unlifted,strong_or_deterministic,8359,0.775,0.14796516399201712
pragmatic_unlifted,strong_or_deterministic,8359,0.825,0.1131287169535212
pragmatic_unlifted,strong_or_deterministic,8359,0.875,0.08271600741498845
pragmatic_unlifted,strong_or_deterministic,8359,0.925,0.10442016693829027
pragmatic_unlifted,strong_or_deterministic,8359,0.975,0.29612396378677946
fixed_0.05,strong_or_deterministic,8359,0.075,0.004618937644341802
fixed_0.05,strong_or_deterministic,8359,0.125,0.004618937644341802
fixed_0.05,strong_or_deterministic,8359,0.175,0.009137463600763136
fixed_0.05,strong_or_deterministic,8359,0.225,0.013655989557184464
fixed_0.05,strong_or_deterministic,8359,0.275,0.004618937644341802
fixed_0.05,strong_or_deterministic,8359,0.325,0.004618937644341802
fixed_0.05,strong_or_deterministic,8359,0.375,0.004618937644341802
fixed_0.05,strong_or_deterministic,8359,0.425,0.004618937644341802
fixed_0.05,strong_or_deterministic,8359,0.475,0.022793453157947584
fixed_0.05,strong_or_deterministic,8359,0.525,0.004618937644341802
fixed_0.05,strong_or_deterministic,8359,0.575,0.013655989557184464
fixed_0.05,strong_or_deterministic,8359,0.625,0.059343307561000105
fixed_0.05,strong_or_deterministic,8359,0.675,0.059343307561000105
fixed_0.05,strong_or_deterministic,8359,0.725,0.1825484486394216
fixed_0.05,strong_or_deterministic,8359,0.775,0.15523646952505268
fixed_0.05,strong_or_deterministic,8359,0.825,0.10503062556481577
fixed_0.05,strong_or_deterministic,8359,0.875,0.06848077116176322
fixed_0.05,strong_or_deterministic,8359,0.925,0.07761823476252633
fixed_0.05,strong_or_deterministic,8359,0.975,0.2008233758409479
fixed_0.1,strong_or_deterministic,8359,0.125,0.004640371229698374
fixed_0.1,strong_or_deterministic,8359,0.175,0.009179864823968526
fixed_0.1,strong_or_deterministic,8359,0.225,0.013719358418238674
fixed_0.1,strong_or_deterministic,8359,0.275,0.004640371229698374
fixed_0.1,strong_or_deterministic,8359,0.325,0.004640371229698374
fixed_0.1,strong_or_deterministic,8359,0.375,0.004640371229698374
fixed_0.1,strong_or_deterministic,8359,0.425,0.004640371229698374
fixed_0.1,strong_or_deterministic,8359,0.475,0.02289922324220721
fixed_0.1,strong_or_deterministic,8359,0.525,0.004640371229698374
fixed_0.1,strong_or_deterministic,8359,0.575,0.013719358418238674
fixed_0.1,strong_or_deterministic,8359,0.625,0.05961868253808132
fixed_0.1,strong_or_deterministic,8359,0.675,0.05961868253808132
fixed_0.1,strong_or_deterministic,8359,0.725,0.18339554120851403
fixed_0.1,strong_or_deterministic,8359,0.775,0.15595682437203667
fixed_0.1,strong_or_deterministic,8359,0.825,0.10551800665792398
fixed_0.1,strong_or_deterministic,8359,0.875,0.06879854736204985
fixed_0.1,strong_or_deterministic,8359,0.925,0.07797841218601835
fixed_0.1,strong_or_deterministic,8359,0.975,0.20175527085645112
fixed_0.3,strong_or_deterministic,8359,0.325,0.004794663331248695
fixed_0.3,strong_or_deterministic,8359,0.375,0.004794663331248695
fixed_0.3,strong_or_deterministic,8359,0.425,0.004794663331248695
fixed_0.3,strong_or_deterministic,8359,0.475,0.023660621221596827
fixed_0.3,strong_or_deterministic,8359,0.525,0.004794663331248695
fixed_0.3,strong_or_deterministic,8359,0.575,0.01417552637064832
fixed_0.3,strong_or_deterministic,8359,0.625,0.06160100062539086
fixed_0.3,strong_or_deterministic,8359,0.675,0.06160100062539086
fixed_0.3,strong_or_deterministic,8359,0.725,0.18949343339587238
fixed_0.3,strong_or_deterministic,8359,0.775,0.16114238065457576
fixed_0.3,strong_or_deterministic,8359,0.825,0.10902647488013342
fixed_0.3,strong_or_deterministic,8359,0.875,0.07108609547633937
fixed_0.3,strong_or_deterministic,8359,0.925,0.08057119032728785
fixed_0.3,strong_or_deterministic,8359,0.975,0.20846362309776945
prior,uniform,8359,0.975,0.009099090090990898
prior,uniform,8359,0.925,0.022697730226977308
prior,uniform,8359,0.875,0.0181981801819818
prior,uniform,8359,0.825,0.05459454054594541
prior,uniform,8359,0.775,0.05459454054594541
prior,uniform,8359,0.725,0.0453954604539546
prior,uniform,8359,0.675,0.04999500049995001
prior,uniform,8359,0.625,0.05459454054594541
prior,uniform,8359,0.575,0.07729227077292271
prior,uniform,8359,0.525,0.0726927307269273
prior,uniform,8359,0.475,0.08639136086391361
prior,uniform,8359,0.425,0.0363963603639636
prior,uniform,8359,0.375,0.0726927307269273
prior,uniform,8359,0.325,0.0953904609539046
prior,uniform,8359,0.275,0.031796820317968204
prior,uniform,8359,0.225,0.027297270272972705
prior,uniform,8359,0.175,0.031796820317968204
prior,uniform,8359,0.125,0.0726927307269273
prior,uniform,8359,0.075,0.05459454054594541
prior,uniform,8359,0.025,0.031796820317968204
literal,uniform,8359,0.025,0.001724959072905014
literal,uniform,8359,0.075,0.008292822108984861
literal,uniform,8359,0.125,0.018928984845312385
literal,uniform,8359,0.175,0.011729721695754095
literal,uniform,8359,0.225,0.013031577599833352
literal,uniform,8359,0.275,0.018629557987374153
literal,uniform,8359,0.325,0.06623842839955252
literal,uniform,8359,0.375,0.058364369939713175
literal,uniform,8359,0.425,0.03317128843593942
literal,uniform,8359,0.475,0.08810960758808409
literal,uniform,8359,0.525,0.08202560099635371
literal,uniform,8359,0.575,0.09560178831606028
literal,uniform,8359,0.625,0.07345071010815168
literal,uniform,8359,0.675,0.07268695464442519
literal,uniform,8359,0.725,0.07092510965423793
literal,uniform,8359,0.775,0.09122104319883352
literal,uniform,8359,0.825,0.09714448756239409
literal,uniform,8359,0.875,0.03435597730865158
literal,uniform,8359,0.925,0.04531326450131873
literal,uniform,8359,0.975,0.019053746036119965
pragmatic_unlifted,uniform,8359,0.025,0.00007708309143840954
pragmatic_unlifted,uniform,8359,0.075,0.0010370553092416165
pragmatic_unlifted,uniform,8359,0.125,0.004053030991316796
pragmatic_unlifted,uniform,8359,0.175,0.003551403479420963
pragmatic_unlifted,uniform,8359,0.225,0.005093295200972354
pragmatic_unlifted,uniform,8359,0.275,0.008908141276881436
pragmatic_unlifted,uniform,8359,0.325,0.037398207126729394
pragmatic_unlifted,uniform,8359,0.375,0.03793514704520072
pragmatic_unlifted,uniform,8359,0.425,0.024352319371547124
pragmatic_unlifted,uniform,8359,0.475,0.07198222275706552
pragmatic_unlifted,uniform,8359,0.525,0.07368442615047953
pragmatic_unlifted,uniform,8359,0.575,0.09350413528765833
pragmatic_unlifted,uniform,8359,0.625,0.07757075428445674
pragmatic_unlifted,uniform,8359,0.675,0.08230398838779546
pragmatic_unlifted,uniform,8359,0.725,0.08557878838938449
pragmatic_unlifted,uniform,8359,0.775,0.11666329968151612
pragmatic_unlifted,uniform,8359,0.825,0.13106074026459652
pragmatic_unlifted,uniform,8359,0.875,0.048689811531301724
pragmatic_unlifted,uniform,8359,0.925,0.06720417438054574
pragmatic_unlifted,uniform,8359,0.975,0.02935197599245154
fixed_0.05,uniform,8359,0.075,0.056387483218010945
fixed_0.05,uniform,8359,0.125,0.07508003717856035
fixed_0.05,uniform,8359,0.175,0.03284106165444593
fixed_0.05,uniform,8359,0.225,0.02819374160900547
fixed_0.05,uniform,8359,0.275,0.03284106165444593
fixed_0.05,uniform,8359,0.325,0.09852318496333778
fixed_0.05,uniform,8359,0.375,0.07508003717856035
fixed_0.05,uniform,8359,0.425,0.037591655478673956
fixed_0.05,uniform,8359,0.475,0.08922854487245688
fixed_0.05,uniform,8359,0.525,0.07508003717856035
fixed_0.05,uniform,8359,0.575,0.07983063100278838
fixed_0.05,uniform,8359,0.625,0.056387483218010945
fixed_0.05,uniform,8359,0.675,0.051636889393782914
fixed_0.05,uniform,8359,0.725,0.04688629556955488
fixed_0.05,uniform,8359,0.775,0.056387483218010945
fixed_0.05,uniform,8359,0.825,0.056387483218010945
fixed_0.05,uniform,8359,0.875,0.018795827739336975
fixed_0.05,uniform,8359,0.925,0.02344314778477745
fixed_0.05,uniform,8359,0.975,0.00939791386966849
fixed_0.1,uniform,8359,0.125,0.07956659735142824
fixed_0.1,uniform,8359,0.175,0.034803546021670136
fixed_0.1,uniform,8359,0.225,0.02987851592426398
fixed_0.1,uniform,8359,0.275,0.034803546021670136
fixed_0.1,uniform,8359,0.325,0.10441063806501039
fixed_0.1,uniform,8359,0.375,0.07956659735142824
fixed_0.1,uniform,8359,0.425,0.03983802123235197
fixed_0.1,uniform,8359,0.475,0.09456057787019809
fixed_0.1,uniform,8359,0.525,0.07956659735142824
fixed_0.1,uniform,8359,0.575,0.0846010725621101
fixed_0.1,uniform,8359,0.625,0.059757031848527965
fixed_0.1,uniform,8359,0.675,0.05472255663784612
fixed_0.1,uniform,8359,0.725,0.04968808142716427
fixed_0.1,uniform,8359,0.775,0.059757031848527965
fixed_0.1,uniform,8359,0.825,0.059757031848527965
fixed_0.1,uniform,8359,0.875,0.019919010616175983
fixed_0.1,uniform,8359,0.925,0.024844040713582143
fixed_0.1,uniform,8359,0.975,0.009959505308087995
fixed_0.3,uniform,8359,0.325,0.12718304226103183
fixed_0.3,uniform,8359,0.375,0.09692041061191842
fixed_0.3,uniform,8359,0.425,0.04852686308492202
fixed_0.3,uniform,8359,0.475,0.11518464204772695
fixed_0.3,uniform,8359,0.525,0.09692041061191842
fixed_0.3,uniform,8359,0.575,0.10305292627649644
fixed_0.3,uniform,8359,0.625,0.07279029462738304
fixed_0.3,uniform,8359,0.675,0.06665777896280495
fixed_0.3,uniform,8359,0.725,0.06052526329822688
fixed_0.3,uniform,8359,0.775,0.07279029462738304
fixed_0.3,uniform,8359,0.825,0.07279029462738304
fixed_0.3,uniform,8359,0.875,0.024263431542461005
fixed_0.3,uniform,8359,0.925,0.030262631649113466
fixed_0.3,uniform,8359,0.975,0.0121317157712305
prior,weak_or_deterministic,8359,0.975,0.20907909209079095
prior,weak_or_deterministic,8359,0.925,0.07729227077292271
prior,weak_or_deterministic,8359,0.875,0.022697730226977308
prior,weak_or_deterministic,8359,0.825,0.022697730226977308
prior,weak_or_deterministic,8359,0.775,0.040895910408959124
prior,weak_or_deterministic,8359,0.725,0.05459454054594541
prior,weak_or_deterministic,8359,0.675,0.03639636036396362
prior,weak_or_deterministic,8359,0.625,0.009099090090990898
prior,weak_or_deterministic,8359,0.575,0.004599540045995401
prior,weak_or_deterministic,8359,0.525,0.027297270272972716
prior,weak_or_deterministic,8359,0.475,0.004599540045995401
prior,weak_or_deterministic,8359,0.425,0.031796820317968204
prior,weak_or_deterministic,8359,0.375,0.022697730226977308
prior,weak_or_deterministic,8359,0.325,0.027297270272972716
prior,weak_or_deterministic,8359,0.275,0.09539046095390465
prior,weak_or_deterministic,8359,0.225,0.040895910408959124
prior,weak_or_deterministic,8359,0.175,0.14088591140885912
prior,weak_or_deterministic,8359,0.125,0.11358864113588646
prior,weak_or_deterministic,8359,0.075,0.013598640135986394
prior,weak_or_deterministic,8359,0.025,0.004599540045995401
literal,weak_or_deterministic,8359,0.025,0.00021496351695267685
literal,weak_or_deterministic,8359,0.075,0.0017795240707734646
literal,weak_or_deterministic,8359,0.125,0.025481588374773004
literal,weak_or_deterministic,8359,0.175,0.044774096709282375
literal,weak_or_deterministic,8359,0.225,0.01681949326556686
literal,weak_or_deterministic,8359,0.275,0.04814808930145267
literal,weak_or_deterministic,8359,0.325,0.01632975029650947
literal,weak_or_deterministic,8359,0.375,0.015699813729439453
literal,weak_or_deterministic,8359,0.425,0.02496567593408655
literal,weak_or_deterministic,8359,0.475,0.004041314118710331
literal,weak_or_deterministic,8359,0.525,0.026535844231827893
literal,weak_or_deterministic,8359,0.575,0.004901168186521037
literal,weak_or_deterministic,8359,0.625,0.010546297066495692
literal,weak_or_deterministic,8359,0.675,0.0455872195777556
literal,weak_or_deterministic,8359,0.725,0.07348387633429262
literal,weak_or_deterministic,8359,0.775,0.05886822642948404
literal,weak_or_deterministic,8359,0.825,0.034794181778757684
literal,weak_or_deterministic,8359,0.875,0.036915778228681924
literal,weak_or_deterministic,8359,0.925,0.13293343888353548
literal,weak_or_deterministic,8359,0.975,0.3771796599651013
pragmatic_unlifted,weak_or_deterministic,8359,0.025,0.000007680239183444033
pragmatic_unlifted,weak_or_deterministic,8359,0.075,0.00017794862754881132
pragmatic_unlifted,weak_or_deterministic,8359,0.125,0.004364222316361942
pragmatic_unlifted,weak_or_deterministic,8359,0.175,0.010848627279618973
pragmatic_unlifted,weak_or_deterministic,8359,0.225,0.00526415793725365
pragmatic_unlifted,weak_or_deterministic,8359,0.275,0.018451256819575414
pragmatic_unlifted,weak_or_deterministic,8359,0.325,0.00739604274777453
pragmatic_unlifted,weak_or_deterministic,8359,0.375,0.008195048433838966
pragmatic_unlifted,weak_or_deterministic,8359,0.425,0.014737843993692247
pragmatic_unlifted,weak_or_deterministic,8359,0.475,0.002658585877135069
pragmatic_unlifted,weak_or_deterministic,8359,0.525,0.01922475040895782
pragmatic_unlifted,weak_or_deterministic,8359,0.575,0.003872587218356279
pragmatic_unlifted,weak_or_deterministic,8359,0.625,0.00901429425647605
pragmatic_unlifted,weak_or_deterministic,8359,0.675,0.04185866857718559
pragmatic_unlifted,weak_or_deterministic,8359,0.725,0.07205050808767885
pragmatic_unlifted,weak_or_deterministic,8359,0.775,0.06131267145294223
pragmatic_unlifted,weak_or_deterministic,8359,0.825,0.03831685987070336
pragmatic_unlifted,weak_or_deterministic,8359,0.875,0.04280753869785127
pragmatic_unlifted,weak_or_deterministic,8359,0.925,0.16171983610992402
pragmatic_unlifted,weak_or_deterministic,8359,0.975,0.47772087104794153
fixed_0.05,weak_or_deterministic,8359,0.075,0.013661476644902044
fixed_0.05,weak_or_deterministic,8359,0.125,0.11411351079859365
fixed_0.05,weak_or_deterministic,8359,0.175,0.14153691612255143
fixed_0.05,weak_or_deterministic,8359,0.225,0.041084881968859864
fixed_0.05,weak_or_deterministic,8359,0.275,0.09583124058262178
fixed_0.05,weak_or_deterministic,8359,0.325,0.027423405323957806
fixed_0.05,weak_or_deterministic,8359,0.375,0.02280261175288799
fixed_0.05,weak_or_deterministic,8359,0.425,0.031943746860873916
fixed_0.05,weak_or_deterministic,8359,0.475,0.004620793571069812
fixed_0.05,weak_or_deterministic,8359,0.525,0.027423405323957806
fixed_0.05,weak_or_deterministic,8359,0.575,0.004620793571069812
fixed_0.05,weak_or_deterministic,8359,0.625,0.009141135107985929
fixed_0.05,weak_or_deterministic,8359,0.675,0.03656454043194374
fixed_0.05,weak_or_deterministic,8359,0.725,0.05484681064791559
fixed_0.05,weak_or_deterministic,8359,0.775,0.041084881968859864
fixed_0.05,weak_or_deterministic,8359,0.825,0.02280261175288799
fixed_0.05,weak_or_deterministic,8359,0.875,0.02280261175288799
fixed_0.05,weak_or_deterministic,8359,0.925,0.07764942240080357
fixed_0.05,weak_or_deterministic,8359,0.975,0.2100452034153691
fixed_0.1,weak_or_deterministic,8359,0.125,0.11569406253182604
fixed_0.1,weak_or_deterministic,8359,0.175,0.14349730115082998
fixed_0.1,weak_or_deterministic,8359,0.225,0.04165393624605357
fixed_0.1,weak_or_deterministic,8359,0.275,0.09715857011915674
fixed_0.1,weak_or_deterministic,8359,0.325,0.027803238619003974
fixed_0.1,weak_or_deterministic,8359,0.375,0.023118443833384253
fixed_0.1,weak_or_deterministic,8359,0.425,0.032386190039718904
fixed_0.1,weak_or_deterministic,8359,0.475,0.004684794785619715
fixed_0.1,weak_or_deterministic,8359,0.525,0.027803238619003974
fixed_0.1,weak_or_deterministic,8359,0.575,0.004684794785619715
fixed_0.1,weak_or_deterministic,8359,0.625,0.009267746206334651
fixed_0.1,weak_or_deterministic,8359,0.675,0.037070984825338625
fixed_0.1,weak_or_deterministic,8359,0.725,0.05560647723800793
fixed_0.1,weak_or_deterministic,8359,0.775,0.04165393624605357
fixed_0.1,weak_or_deterministic,8359,0.825,0.023118443833384253
fixed_0.1,weak_or_deterministic,8359,0.875,0.023118443833384253
fixed_0.1,weak_or_deterministic,8359,0.925,0.07872492107139216
fixed_0.1,weak_or_deterministic,8359,0.975,0.2129544760158875
fixed_0.3,weak_or_deterministic,8359,0.325,0.04618507866689227
fixed_0.3,weak_or_deterministic,8359,0.375,0.03840297749957706
fixed_0.3,weak_or_deterministic,8359,0.425,0.05379800372187446
fixed_0.3,weak_or_deterministic,8359,0.475,0.0077821011673151735
fixed_0.3,weak_or_deterministic,8359,0.525,0.04618507866689227
fixed_0.3,weak_or_deterministic,8359,0.575,0.0077821011673151735
fixed_0.3,weak_or_deterministic,8359,0.625,0.015395026222297404
fixed_0.3,weak_or_deterministic,8359,0.675,0.06158010488918968
fixed_0.3,weak_or_deterministic,8359,0.725,0.09237015733378445
fixed_0.3,weak_or_deterministic,8359,0.775,0.0691930299441719
fixed_0.3,weak_or_deterministic,8359,0.825,0.03840297749957706
fixed_0.3,weak_or_deterministic,8359,0.875,0.03840297749957706
fixed_0.3,weak_or_deterministic,8359,0.925,0.13077313483336156
fixed_0.3,weak_or_deterministic,8359,0.975,0.3537472508881746
prior,weak_or_half,8359,0.975,0.004598620413875841
prior,weak_or_half,8359,0.925,0.004598620413875841
prior,weak_or_half,8359,0.875,0.004598620413875841
prior,weak_or_half,8359,0.825,0.004598620413875841
prior,weak_or_half,8359,0.775,0.009097270818754378
prior,weak_or_half,8359,0.725,0.009097270818754378
prior,weak_or_half,8359,0.675,0.018194541637508756
prior,weak_or_half,8359,0.625,0.009097270818754378
prior,weak_or_half,8359,0.575,0.04088773367989604
prior,weak_or_half,8359,0.525,0.06358092572228334
prior,weak_or_half,8359,0.475,0.10456862941117667
prior,weak_or_half,8359,0.425,0.12726182145356396
prior,weak_or_half,8359,0.375,0.07727681695491355
prior,weak_or_half,8359,0.325,0.049985004498650426
prior,weak_or_half,8359,0.275,0.1453563930820754
prior,weak_or_half,8359,0.225,0.14995501349595122
prior,weak_or_half,8359,0.175,0.09087273817854646
prior,weak_or_half,8359,0.125,0.02729181245626313
prior,weak_or_half,8359,0.075,0.009097270818754378
prior,weak_or_half,8359,0.025,0.049985004498650426
literal,weak_or_half,8359,0.025,0.003630259519992565
literal,weak_or_half,8359,0.075,0.0018499802513882114
literal,weak_or_half,8359,0.125,0.009514184149996514
literal,weak_or_half,8359,0.175,0.04487872028995606
literal,weak_or_half,8359,0.225,0.09583885132780368
literal,weak_or_half,8359,0.275,0.11401338258869453
literal,weak_or_half,8359,0.325,0.04646732185590485
literal,weak_or_half,8359,0.375,0.08306324202504589
literal,weak_or_half,8359,0.425,0.15527636439673786
literal,weak_or_half,8359,0.475,0.14277665481749957
literal,weak_or_half,8359,0.525,0.0960479542761554
literal,weak_or_half,8359,0.575,0.06770579215166939
literal,weak_or_half,8359,0.625,0.016385539369438457
literal,weak_or_half,8359,0.675,0.03541390766943156
literal,weak_or_half,8359,0.725,0.019028368299993045
literal,weak_or_half,8359,0.775,0.020349782765270347
literal,weak_or_half,8359,0.825,0.01095467112752958
literal,weak_or_half,8359,0.875,0.01162263887920821
literal,weak_or_half,8359,0.925,0.012290606630886856
literal,weak_or_half,8359,0.975,0.012891777607397613
pragmatic_unlifted,weak_or_half,8359,0.025,0.0002230872858072887
pragmatic_unlifted,weak_or_half,8359,0.075,0.0003180053396982533
pragmatic_unlifted,weak_or_half,8359,0.125,0.0027975173594323548
pragmatic_unlifted,weak_or_half,8359,0.175,0.018632213452266434
pragmatic_unlifted,weak_or_half,8359,0.225,0.05126296455427711
pragmatic_unlifted,weak_or_half,8359,0.275,0.07442849801505988
pragmatic_unlifted,weak_or_half,8359,0.325,0.035712598374462695
pragmatic_unlifted,weak_or_half,8359,0.375,0.07324400705530155
pragmatic_unlifted,weak_or_half,8359,0.425,0.1540629477633886
pragmatic_unlifted,weak_or_half,8359,0.475,0.15697743468180797
pragmatic_unlifted,weak_or_half,8359,0.525,0.11557982781833588
pragmatic_unlifted,weak_or_half,8359,0.575,0.08826402481819107
pragmatic_unlifted,weak_or_half,8359,0.625,0.02294177983808448
pragmatic_unlifted,weak_or_half,8359,0.675,0.0528603393246576
pragmatic_unlifted,weak_or_half,8359,0.725,0.03008523157741885
pragmatic_unlifted,weak_or_half,8359,0.775,0.03388879376411771
pragmatic_unlifted,weak_or_half,8359,0.825,0.019119237711297418
pragmatic_unlifted,weak_or_half,8359,0.875,0.021164890281614484
pragmatic_unlifted,weak_or_half,8359,0.925,0.02325884785131064
pragmatic_unlifted,weak_or_half,8359,0.975,0.025177753133469587
fixed_0.05,weak_or_half,8359,0.075,0.009575923392612864
fixed_0.05,weak_or_half,8359,0.125,0.028727770177838577
fixed_0.05,weak_or_half,8359,0.175,0.09565400399873723
fixed_0.05,weak_or_half,8359,0.225,0.1578448910870251
fixed_0.05,weak_or_half,8359,0.275,0.15300431442702303
fixed_0.05,weak_or_half,8359,0.325,0.05261496369567505
fixed_0.05,weak_or_half,8359,0.375,0.08134273387351362
fixed_0.05,weak_or_half,8359,0.425,0.13395769756918866
fixed_0.05,weak_or_half,8359,0.475,0.1100705040513522
fixed_0.05,weak_or_half,8359,0.525,0.06692623382089867
fixed_0.05,weak_or_half,8359,0.575,0.04303904030306219
fixed_0.05,weak_or_half,8359,0.625,0.009575923392612864
fixed_0.05,weak_or_half,8359,0.675,0.01915184678522572
fixed_0.05,weak_or_half,8359,0.725,0.009575923392612864
fixed_0.05,weak_or_half,8359,0.775,0.009575923392612864
fixed_0.05,weak_or_half,8359,0.825,0.0048405766600021095
fixed_0.05,weak_or_half,8359,0.875,0.0048405766600021095
fixed_0.05,weak_or_half,8359,0.925,0.0048405766600021095
fixed_0.05,weak_or_half,8359,0.975,0.0048405766600021095
fixed_0.1,weak_or_half,8359,0.125,0.029005524861878466
fixed_0.1,weak_or_half,8359,0.175,0.09657883552911181
fixed_0.1,weak_or_half,8359,0.225,0.15937101572460688
fixed_0.1,weak_or_half,8359,0.275,0.15448363790905228
fixed_0.1,weak_or_half,8359,0.325,0.05312367190820232
fixed_0.1,weak_or_half,8359,0.375,0.08212919677008078
fixed_0.1,weak_or_half,8359,0.425,0.1352528686782831
fixed_0.1,weak_or_half,8359,0.475,0.11113472163195924
fixed_0.1,weak_or_half,8359,0.525,0.06757331066723336
fixed_0.1,weak_or_half,8359,0.575,0.043455163620909495
fixed_0.1,weak_or_half,8359,0.625,0.009668508287292822
fixed_0.1,weak_or_half,8359,0.675,0.01933701657458565
fixed_0.1,weak_or_half,8359,0.725,0.009668508287292822
fixed_0.1,weak_or_half,8359,0.775,0.009668508287292822
fixed_0.1,weak_or_half,8359,0.825,0.004887377815554615
fixed_0.1,weak_or_half,8359,0.875,0.004887377815554615
fixed_0.1,weak_or_half,8359,0.925,0.004887377815554615
fixed_0.1,weak_or_half,8359,0.975,0.004887377815554615
fixed_0.3,weak_or_half,8359,0.325,0.09476876421531467
fixed_0.3,weak_or_half,8359,0.375,0.14651250947687647
fixed_0.3,weak_or_half,8359,0.425,0.24128127369219113
fixed_0.3,weak_or_half,8359,0.475,0.19825625473843828
fixed_0.3,weak_or_half,8359,0.525,0.12054586808188028
fixed_0.3,weak_or_half,8359,0.575,0.0775208491281274
fixed_0.3,weak_or_half,8359,0.625,0.01724791508718727
fixed_0.3,weak_or_half,8359,0.675,0.03449583017437455
fixed_0.3,weak_or_half,8359,0.725,0.01724791508718727
fixed_0.3,weak_or_half,8359,0.775,0.01724791508718727
fixed_0.3,weak_or_half,8359,0.825,0.008718726307808953
fixed_0.3,weak_or_half,8359,0.875,0.008718726307808953
fixed_0.3,weak_or_half,8359,0.925,0.008718726307808953
fixed_0.3,weak_or_half,8359,0.975,0.008718726307808953
prior,weak_or_strong,8359,0.975,0.004599540045995401
prior,weak_or_strong,8359,0.925,0.004599540045995401
prior,weak_or_strong,8359,0.875,0.004599540045995401
prior,weak_or_strong,8359,0.825,0.05909409059094092
prior,weak_or_strong,8359,0.775,0.05909409059094092
prior,weak_or_strong,8359,0.725,0.11358864113588646
prior,weak_or_strong,8359,0.675,0.08179182081791825
prior,weak_or_strong,8359,0.625,0.06359364063593645
prior,weak_or_strong,8359,0.575,0.009099090090990906
prior,weak_or_strong,8359,0.525,0.004599540045995401
prior,weak_or_strong,8359,0.475,0.040895910408959124
prior,weak_or_strong,8359,0.425,0.022697730226977308
prior,weak_or_strong,8359,0.375,0.022697730226977308
prior,weak_or_strong,8359,0.325,0.022697730226977308
prior,weak_or_strong,8359,0.275,0.08639136086391365
prior,weak_or_strong,8359,0.225,0.10908909109089093
prior,weak_or_strong,8359,0.175,0.13178682131786829
prior,weak_or_strong,8359,0.125,0.14088591140885914
prior,weak_or_strong,8359,0.075,0.004599540045995401
prior,weak_or_strong,8359,0.025,0.013598640135986407
literal,weak_or_strong,8359,0.025,0.0008057311180467174
literal,weak_or_strong,8359,0.075,0.000763074764738361
literal,weak_or_strong,8359,0.125,0.040068534540982095
literal,weak_or_strong,8359,0.175,0.05309768067927871
literal,weak_or_strong,8359,0.225,0.05687987733928624
literal,weak_or_strong,8359,0.275,0.055282633887628926
literal,weak_or_strong,8359,0.325,0.017214208357327523
literal,weak_or_strong,8359,0.375,0.019903928413159973
literal,weak_or_strong,8359,0.425,0.022593648468992367
literal,weak_or_strong,8359,0.475,0.04555461553591783
literal,weak_or_strong,8359,0.525,0.005668555395199261
literal,weak_or_strong,8359,0.575,0.012292139145024496
literal,weak_or_strong,8359,0.625,0.09344585131417127
literal,weak_or_strong,8359,0.675,0.129879116634319
literal,weak_or_strong,8359,0.725,0.19383046943316834
literal,weak_or_strong,8359,0.775,0.10784237055574121
literal,weak_or_strong,8359,0.825,0.11484512189052955
literal,weak_or_strong,8359,0.875,0.009483929218891083
literal,weak_or_strong,8359,0.925,0.010028982622275629
literal,weak_or_strong,8359,0.975,0.010519530685321708
pragmatic_unlifted,weak_or_strong,8359,0.025,0.00003699489423193811
pragmatic_unlifted,weak_or_strong,8359,0.075,0.00009803743637252938
pragmatic_unlifted,weak_or_strong,8359,0.125,0.008812096257026707
pragmatic_unlifted,weak_or_strong,8359,0.175,0.016506526808282573
pragmatic_unlifted,weak_or_strong,8359,0.225,0.02281499877959136
pragmatic_unlifted,weak_or_strong,8359,0.275,0.027112752983778125
pragmatic_unlifted,weak_or_strong,8359,0.325,0.009961343862975461
pragmatic_unlifted,weak_or_strong,8359,0.375,0.013248395513762954
pragmatic_unlifted,weak_or_strong,8359,0.425,0.016970215130099962
pragmatic_unlifted,weak_or_strong,8359,0.475,0.038036761106838485
pragmatic_unlifted,weak_or_strong,8359,0.525,0.005198397170495514
pragmatic_unlifted,weak_or_strong,8359,0.575,0.012258067911137881
pragmatic_unlifted,weak_or_strong,8359,0.625,0.10048706026471113
pragmatic_unlifted,weak_or_strong,8359,0.675,0.1495311496619799
pragmatic_unlifted,weak_or_strong,8359,0.725,0.23744314349986317
pragmatic_unlifted,weak_or_strong,8359,0.775,0.13980078233628296
pragmatic_unlifted,weak_or_strong,8359,0.825,0.15679265684351093
pragmatic_unlifted,weak_or_strong,8359,0.875,0.013577855154903812
pragmatic_unlifted,weak_or_strong,8359,0.925,0.01499878910905961
pragmatic_unlifted,weak_or_strong,8359,0.975,0.016313975275095215
fixed_0.05,weak_or_strong,8359,0.075,0.004662949822605169
fixed_0.05,weak_or_strong,8359,0.125,0.14282818043588444
fixed_0.05,weak_or_strong,8359,0.175,0.13360364926507862
fixed_0.05,weak_or_strong,8359,0.225,0.1105930055752661
fixed_0.05,weak_or_strong,8359,0.275,0.08758236188545365
fixed_0.05,weak_or_strong,8359,0.325,0.023010643689812472
fixed_0.05,weak_or_strong,8359,0.375,0.023010643689812472
fixed_0.05,weak_or_strong,8359,0.425,0.023010643689812472
fixed_0.05,weak_or_strong,8359,0.475,0.04145970603142424
fixed_0.05,weak_or_strong,8359,0.525,0.004662949822605169
fixed_0.05,weak_or_strong,8359,0.575,0.009224531170805884
fixed_0.05,weak_or_strong,8359,0.625,0.06447034972123672
fixed_0.05,weak_or_strong,8359,0.675,0.08291941206284849
fixed_0.05,weak_or_strong,8359,0.725,0.11515458692346683
fixed_0.05,weak_or_strong,8359,0.775,0.05990876837303599
fixed_0.05,weak_or_strong,8359,0.825,0.05990876837303599
fixed_0.05,weak_or_strong,8359,0.875,0.004662949822605169
fixed_0.05,weak_or_strong,8359,0.925,0.004662949822605169
fixed_0.05,weak_or_strong,8359,0.975,0.004662949822605169
fixed_0.1,weak_or_strong,8359,0.125,0.14349730115083
fixed_0.1,weak_or_strong,8359,0.175,0.13422955494449537
fixed_0.1,weak_or_strong,8359,0.225,0.11111111111111109
fixed_0.1,weak_or_strong,8359,0.275,0.08799266727772687
fixed_0.1,weak_or_strong,8359,0.325,0.023118443833384253
fixed_0.1,weak_or_strong,8359,0.375,0.023118443833384253
fixed_0.1,weak_or_strong,8359,0.425,0.023118443833384253
fixed_0.1,weak_or_strong,8359,0.475,0.04165393624605357
fixed_0.1,weak_or_strong,8359,0.525,0.004684794785619715
fixed_0.1,weak_or_strong,8359,0.575,0.00926774620633466
fixed_0.1,weak_or_strong,8359,0.625,0.06477238007943784
fixed_0.1,weak_or_strong,8359,0.675,0.08330787249210715
fixed_0.1,weak_or_strong,8359,0.725,0.11569406253182604
fixed_0.1,weak_or_strong,8359,0.775,0.06018942865872288
fixed_0.1,weak_or_strong,8359,0.825,0.06018942865872288
fixed_0.1,weak_or_strong,8359,0.875,0.004684794785619715
fixed_0.1,weak_or_strong,8359,0.925,0.004684794785619715
fixed_0.1,weak_or_strong,8359,0.975,0.004684794785619715
fixed_0.3,weak_or_strong,8359,0.325,0.044189215495425344
fixed_0.3,weak_or_strong,8359,0.375,0.044189215495425344
fixed_0.3,weak_or_strong,8359,0.425,0.044189215495425344
fixed_0.3,weak_or_strong,8359,0.475,0.0796184543507884
fixed_0.3,weak_or_strong,8359,0.525,0.00895464278761923
fixed_0.3,weak_or_strong,8359,0.575,0.01771461942768153
fixed_0.3,weak_or_strong,8359,0.625,0.12380766984621373
fixed_0.3,weak_or_strong,8359,0.675,0.1592369087015768
fixed_0.3,weak_or_strong,8359,0.725,0.22114074362468364
fixed_0.3,weak_or_strong,8359,0.775,0.11504769320615145
fixed_0.3,weak_or_strong,8359,0.825,0.11504769320615145
fixed_0.3,weak_or_strong,8359,0.875,0.00895464278761923
fixed_0.3,weak_or_strong,8359,0.925,0.00895464278761923
fixed_0.3,weak_or_strong,8359,0.975,0.00895464278761923
prior,half_or_deterministic,8360,0.975,0.2726182145356392
prior,half_or_deterministic,8360,0.925,0.07267819654103766
prior,half_or_deterministic,8360,0.875,0.040887733679896
prior,half_or_deterministic,8360,0.825,0.022693192042387275
prior,half_or_deterministic,8360,0.775,0.036389083275017484
prior,half_or_deterministic,8360,0.725,0.036389083275017484
prior,half_or_deterministic,8360,0.675,0.027291812456263106
prior,half_or_deterministic,8360,0.625,0.06358092572228329
prior,half_or_deterministic,8360,0.575,0.07727681695491348
prior,half_or_deterministic,8360,0.525,0.05458362491252622
prior,half_or_deterministic,8360,0.475,0.14995501349595117
prior,half_or_deterministic,8360,0.425,0.036389083275017484
prior,half_or_deterministic,8360,0.375,0.004598620413875837
prior,half_or_deterministic,8360,0.325,0.009097270818754378
prior,half_or_deterministic,8360,0.275,0.022693192042387275
prior,half_or_deterministic,8360,0.225,0.009097270818754378
prior,half_or_deterministic,8360,0.175,0.004598620413875837
prior,half_or_deterministic,8360,0.125,0.004598620413875837
prior,half_or_deterministic,8360,0.075,0.004598620413875837
prior,half_or_deterministic,8360,0.025,0.049985004498650384
literal,half_or_deterministic,8360,0.025,0.001865428022459752
literal,half_or_deterministic,8360,0.075,0.00048053425858563193
literal,half_or_deterministic,8360,0.125,0.0008237730147182265
literal,half_or_deterministic,8360,0.175,0.0011670117708508215
literal,half_or_deterministic,8360,0.225,0.0029876695207715423
literal,half_or_deterministic,8360,0.275,0.009146566679724662
literal,half_or_deterministic,8360,0.325,0.004345701121122245
literal,half_or_deterministic,8360,0.375,0.0025399667953812004
literal,half_or_deterministic,8360,0.425,0.02281493088589174
literal,half_or_deterministic,8360,0.475,0.10521014046673002
literal,half_or_deterministic,8360,0.525,0.042370585930941826
literal,half_or_deterministic,8360,0.575,0.06575409927807933
literal,half_or_deterministic,8360,0.625,0.05884604622530639
literal,half_or_deterministic,8360,0.675,0.02729643516704907
literal,half_or_deterministic,8360,0.725,0.03911131009010015
literal,half_or_deterministic,8360,0.775,0.041827373290801564
literal,half_or_deterministic,8360,0.825,0.02777846176805268
literal,half_or_deterministic,8360,0.875,0.0531020202585483
literal,half_or_deterministic,8360,0.925,0.09981383028335848
literal,half_or_deterministic,8360,0.975,0.39271811517152616
pragmatic_unlifted,half_or_deterministic,8360,0.025,0.00006248231848075219
pragmatic_unlifted,half_or_deterministic,8360,0.075,0.000045055519186794815
pragmatic_unlifted,half_or_deterministic,8360,0.125,0.00013233153289657525
pragmatic_unlifted,half_or_deterministic,8360,0.175,0.0002653479675955933
pragmatic_unlifted,half_or_deterministic,8360,0.225,0.000878076600887492
pragmatic_unlifted,half_or_deterministic,8360,0.275,0.0032942272052057745
pragmatic_unlifted,half_or_deterministic,8360,0.325,0.0018516784220530581
pragmatic_unlifted,half_or_deterministic,8360,0.375,0.0012487623262947489
pragmatic_unlifted,half_or_deterministic,8360,0.425,0.012702342426785548
pragmatic_unlifted,half_or_deterministic,8360,0.475,0.06537446473639212
pragmatic_unlifted,half_or_deterministic,8360,0.525,0.02904228805606744
pragmatic_unlifted,half_or_deterministic,8360,0.575,0.04924307640804447
pragmatic_unlifted,half_or_deterministic,8360,0.625,0.04776571960087091
pragmatic_unlifted,half_or_deterministic,8360,0.675,0.02385199248568
pragmatic_unlifted,half_or_deterministic,8360,0.725,0.03657577393408545
pragmatic_unlifted,half_or_deterministic,8360,0.775,0.0416489826023646
pragmatic_unlifted,half_or_deterministic,8360,0.825,0.02931911305415079
pragmatic_unlifted,half_or_deterministic,8360,0.875,0.059172206290561545
pragmatic_unlifted,half_or_deterministic,8360,0.925,0.11700635432852775
pragmatic_unlifted,half_or_deterministic,8360,0.975,0.4805197241838684
fixed_0.05,half_or_deterministic,8360,0.075,0.004840576660002104
fixed_0.05,half_or_deterministic,8360,0.125,0.004840576660002104
fixed_0.05,half_or_deterministic,8360,0.175,0.004840576660002104
fixed_0.05,half_or_deterministic,8360,0.225,0.009575923392612864
fixed_0.05,half_or_deterministic,8360,0.275,0.023887193517836476
fixed_0.05,half_or_deterministic,8360,0.325,0.009575923392612864
fixed_0.05,half_or_deterministic,8360,0.375,0.004840576660002104
fixed_0.05,half_or_deterministic,8360,0.425,0.03830369357045145
fixed_0.05,half_or_deterministic,8360,0.475,0.15784489108702515
fixed_0.05,half_or_deterministic,8360,0.525,0.05745554035567716
fixed_0.05,half_or_deterministic,8360,0.575,0.08134273387351362
fixed_0.05,half_or_deterministic,8360,0.625,0.06692623382089867
fixed_0.05,half_or_deterministic,8360,0.675,0.028727770177838577
fixed_0.05,half_or_deterministic,8360,0.725,0.03830369357045145
fixed_0.05,half_or_deterministic,8360,0.775,0.03830369357045145
fixed_0.05,half_or_deterministic,8360,0.825,0.023887193517836476
fixed_0.05,half_or_deterministic,8360,0.875,0.04303904030306219
fixed_0.05,half_or_deterministic,8360,0.925,0.07650215721351154
fixed_0.05,half_or_deterministic,8360,0.975,0.28696201199621174
fixed_0.1,half_or_deterministic,8360,0.125,0.004864121814528923
fixed_0.1,half_or_deterministic,8360,0.175,0.004864121814528923
fixed_0.1,half_or_deterministic,8360,0.225,0.009622501850481135
fixed_0.1,half_or_deterministic,8360,0.275,0.024003383736914463
fixed_0.1,half_or_deterministic,8360,0.325,0.009622501850481135
fixed_0.1,half_or_deterministic,8360,0.375,0.004864121814528923
fixed_0.1,half_or_deterministic,8360,0.425,0.038490007401924514
fixed_0.1,half_or_deterministic,8360,0.475,0.1586126678650735
fixed_0.1,half_or_deterministic,8360,0.525,0.057735011102886764
fixed_0.1,half_or_deterministic,8360,0.575,0.0817383948398012
fixed_0.1,half_or_deterministic,8360,0.625,0.06725177117479118
fixed_0.1,half_or_deterministic,8360,0.675,0.02886750555144338
fixed_0.1,half_or_deterministic,8360,0.725,0.038490007401924514
fixed_0.1,half_or_deterministic,8360,0.775,0.038490007401924514
fixed_0.1,half_or_deterministic,8360,0.825,0.024003383736914463
fixed_0.1,half_or_deterministic,8360,0.875,0.043248387437876706
fixed_0.1,half_or_deterministic,8360,0.925,0.07687427302527232
fixed_0.1,half_or_deterministic,8360,0.975,0.28835783017870364
fixed_0.3,half_or_deterministic,8360,0.325,0.01005858295567592
fixed_0.3,half_or_deterministic,8360,0.375,0.005084558417154858
fixed_0.3,half_or_deterministic,8360,0.425,0.04023433182270367
fixed_0.3,half_or_deterministic,8360,0.475,0.16580081795070187
fixed_0.3,half_or_deterministic,8360,0.525,0.06035149773405549
fixed_0.3,half_or_deterministic,8360,0.575,0.08544268818392836
fixed_0.3,half_or_deterministic,8360,0.625,0.07029954681109761
fixed_0.3,half_or_deterministic,8360,0.675,0.030175748867027744
fixed_0.3,half_or_deterministic,8360,0.725,0.04023433182270367
fixed_0.3,half_or_deterministic,8360,0.775,0.04023433182270367
fixed_0.3,half_or_deterministic,8360,0.825,0.02509119044987289
fixed_0.3,half_or_deterministic,8360,0.875,0.04520835636122471
fixed_0.3,half_or_deterministic,8360,0.925,0.08035812976677353
fixed_0.3,half_or_deterministic,8360,0.975,0.3014258870343761
prior,rare_deterministic,8360,0.975,0.26811956413076077
prior,rare_deterministic,8360,0.925,0.08177546735979205
prior,rare_deterministic,8360,0.875,0.08637408777366792
prior,rare_deterministic,8360,0.825,0.009097270818754378
prior,rare_deterministic,8360,0.775,0.018194541637508756
prior,rare_deterministic,8360,0.725,0.013595921223632913
prior,rare_deterministic,8360,0.675,0.004598620413875837
prior,rare_deterministic,8360,0.625,0.009097270818754378
prior,rare_deterministic,8360,0.575,0.004598620413875837
prior,rare_deterministic,8360,0.525,0.009097270818754378
prior,rare_deterministic,8360,0.475,0.07727681695491351
prior,rare_deterministic,8360,0.425,0.004598620413875837
prior,rare_deterministic,8360,0.375,0.004598620413875837
prior,rare_deterministic,8360,0.325,0.009097270818754378
prior,rare_deterministic,8360,0.275,0.013595921223632913
prior,rare_deterministic,8360,0.225,0.009097270818754378
prior,rare_deterministic,8360,0.175,0.027291812456263116
prior,rare_deterministic,8360,0.125,0.009097270818754378
prior,rare_deterministic,8360,0.075,0.049985004498650405
prior,rare_deterministic,8360,0.025,0.29081275617314806
literal,rare_deterministic,8360,0.025,0.013941620601967446
literal,rare_deterministic,8360,0.075,0.006709614590152768
literal,rare_deterministic,8360,0.125,0.0020933997521276663
literal,rare_deterministic,8360,0.175,0.008896948946542572
literal,rare_deterministic,8360,0.225,0.0038378995455673904
literal,rare_deterministic,8360,0.275,0.007039344221440286
literal,rare_deterministic,8360,0.325,0.005582399339007114
literal,rare_deterministic,8360,0.375,0.0032627897235542936
literal,rare_deterministic,8360,0.425,0.0037037072537643274
literal,rare_deterministic,8360,0.475,0.0696477164785258
literal,rare_deterministic,8360,0.525,0.00907139892588657
literal,rare_deterministic,8360,0.575,0.005026459844394451
literal,rare_deterministic,8360,0.625,0.01081589871932629
literal,rare_deterministic,8360,0.675,0.005908294904814538
literal,rare_deterministic,8360,0.725,0.018771584590507435
literal,rare_deterministic,8360,0.775,0.02686529681897175
literal,rare_deterministic,8360,0.825,0.014304898306205741
literal,rare_deterministic,8360,0.875,0.1440995170036012
literal,rare_deterministic,8360,0.925,0.14426821588472488
literal,rare_deterministic,8360,0.975,0.49615299454891765
pragmatic_unlifted,rare_deterministic,8360,0.025,0.000447141738007602
pragmatic_unlifted,rare_deterministic,8360,0.075,0.0006022836375275997
pragmatic_unlifted,rare_deterministic,8360,0.125,0.00032182866621308055
pragmatic_unlifted,rare_deterministic,8360,0.175,0.001934861948170618
pragmatic_unlifted,rare_deterministic,8360,0.225,0.0010780245207435432
pragmatic_unlifted,rare_deterministic,8360,0.275,0.002420726462693712
pragmatic_unlifted,rare_deterministic,8360,0.325,0.002268530423832217
pragmatic_unlifted,rare_deterministic,8360,0.375,0.001527836857357498
pragmatic_unlifted,rare_deterministic,8360,0.425,0.001960989210802572
pragmatic_unlifted,rare_deterministic,8360,0.475,0.04108565361545796
pragmatic_unlifted,rare_deterministic,8360,0.525,0.005891896615250622
pragmatic_unlifted,rare_deterministic,8360,0.575,0.003559635071757824
pragmatic_unlifted,rare_deterministic,8360,0.625,0.008283534717112255
pragmatic_unlifted,rare_deterministic,8360,0.675,0.00485955978237867
pragmatic_unlifted,rare_deterministic,8360,0.725,0.01648167068842785
pragmatic_unlifted,rare_deterministic,8360,0.775,0.025047891877301352
pragmatic_unlifted,rare_deterministic,8360,0.825,0.014096967683131508
pragmatic_unlifted,rare_deterministic,8360,0.875,0.14947502260950535
pragmatic_unlifted,rare_deterministic,8360,0.925,0.15693905136419078
pragmatic_unlifted,rare_deterministic,8360,0.975,0.5617168925101376
fixed_0.05,rare_deterministic,8360,0.075,0.07048209754722301
fixed_0.05,rare_deterministic,8360,0.125,0.0128277417535946
fixed_0.05,rare_deterministic,8360,0.175,0.03848322526078376
fixed_0.05,rare_deterministic,8360,0.225,0.0128277417535946
fixed_0.05,rare_deterministic,8360,0.275,0.019171130532844662
fixed_0.05,rare_deterministic,8360,0.325,0.0128277417535946
fixed_0.05,rare_deterministic,8360,0.375,0.00648435297434452
fixed_0.05,rare_deterministic,8360,0.425,0.00648435297434452
fixed_0.05,rare_deterministic,8360,0.475,0.10896532280800675
fixed_0.05,rare_deterministic,8360,0.525,0.0128277417535946
fixed_0.05,rare_deterministic,8360,0.575,0.00648435297434452
fixed_0.05,rare_deterministic,8360,0.625,0.0128277417535946
fixed_0.05,rare_deterministic,8360,0.675,0.00648435297434452
fixed_0.05,rare_deterministic,8360,0.725,0.019171130532844662
fixed_0.05,rare_deterministic,8360,0.775,0.02565548350718919
fixed_0.05,rare_deterministic,8360,0.825,0.0128277417535946
fixed_0.05,rare_deterministic,8360,0.875,0.12179306456160141
fixed_0.05,rare_deterministic,8360,0.925,0.11530871158725683
fixed_0.05,rare_deterministic,8360,0.975,0.3780659712433042
fixed_0.1,rare_deterministic,8360,0.125,0.013800424628450112
fixed_0.1,rare_deterministic,8360,0.175,0.04140127388535031
fixed_0.1,rare_deterministic,8360,0.225,0.013800424628450112
fixed_0.1,rare_deterministic,8360,0.275,0.020624810433727634
fixed_0.1,rare_deterministic,8360,0.325,0.013800424628450112
fixed_0.1,rare_deterministic,8360,0.375,0.00697603882317258
fixed_0.1,rare_deterministic,8360,0.425,0.00697603882317258
fixed_0.1,rare_deterministic,8360,0.475,0.11722778283287835
fixed_0.1,rare_deterministic,8360,0.525,0.013800424628450112
fixed_0.1,rare_deterministic,8360,0.575,0.00697603882317258
fixed_0.1,rare_deterministic,8360,0.625,0.013800424628450112
fixed_0.1,rare_deterministic,8360,0.675,0.00697603882317258
fixed_0.1,rare_deterministic,8360,0.725,0.020624810433727634
fixed_0.1,rare_deterministic,8360,0.775,0.027600849256900227
fixed_0.1,rare_deterministic,8360,0.825,0.013800424628450112
fixed_0.1,rare_deterministic,8360,0.875,0.1310282074613285
fixed_0.1,rare_deterministic,8360,0.925,0.12405216863815588
fixed_0.1,rare_deterministic,8360,0.975,0.40673339399454045
fixed_0.3,rare_deterministic,8360,0.325,0.015159087123105118
fixed_0.3,rare_deterministic,8360,0.375,0.007662835249042144
fixed_0.3,rare_deterministic,8360,0.425,0.007662835249042144
fixed_0.3,rare_deterministic,8360,0.475,0.12876894885890383
fixed_0.3,rare_deterministic,8360,0.525,0.015159087123105118
fixed_0.3,rare_deterministic,8360,0.575,0.007662835249042144
fixed_0.3,rare_deterministic,8360,0.625,0.015159087123105118
fixed_0.3,rare_deterministic,8360,0.675,0.007662835249042144
fixed_0.3,rare_deterministic,8360,0.725,0.022655338997168085
fixed_0.3,rare_deterministic,8360,0.775,0.03031817424621024
fixed_0.3,rare_deterministic,8360,0.825,0.015159087123105118
fixed_0.3,rare_deterministic,8360,0.875,0.14392803598200904
fixed_0.3,rare_deterministic,8360,0.925,0.13626520073296683
fixed_0.3,rare_deterministic,8360,0.975,0.4467766116941529
prior,rare_half,8360,0.975,0.004598160735705716
prior,rare_half,8360,0.925,0.004598160735705716
prior,rare_half,8360,0.875,0.004598160735705716
prior,rare_half,8360,0.825,0.004598160735705716
prior,rare_half,8360,0.775,0.004598160735705716
prior,rare_half,8360,0.725,0.004598160735705716
prior,rare_half,8360,0.675,0.009096361455417826
prior,rare_half,8360,0.625,0.022690923630547775
prior,rare_half,8360,0.575,0.04538184726109554
prior,rare_half,8360,0.525,0.10455817672930823
prior,rare_half,8360,0.475,0.1499400239904038
prior,rare_half,8360,0.425,0.0681727309076369
prior,rare_half,8360,0.375,0.05907636945221908
prior,rare_half,8360,0.325,0.03638544582167131
prior,rare_half,8360,0.275,0.03638544582167131
prior,rare_half,8360,0.225,0.022690923630547775
prior,rare_half,8360,0.175,0.04088364654138343
prior,rare_half,8360,0.125,0.0317872850859656
prior,rare_half,8360,0.075,0.07726909236305474
prior,rare_half,8360,0.025,0.268092762894842
literal,rare_half,8360,0.025,0.02279790279695076
literal,rare_half,8360,0.075,0.018398128565891205
literal,rare_half,8360,0.125,0.012974913806586743
literal,rare_half,8360,0.175,0.023641136188993078
literal,rare_half,8360,0.225,0.016980272418787787
literal,rare_half,8360,0.275,0.033416523294322424
literal,rare_half,8360,0.325,0.03960476834882659
literal,rare_half,8360,0.375,0.07435074428947382
literal,rare_half,8360,0.425,0.09739345678088848
literal,rare_half,8360,0.475,0.2397094924959027
literal,rare_half,8360,0.525,0.18494012362889575
literal,rare_half,8360,0.575,0.0879886843519003
literal,rare_half,8360,0.625,0.047853494998401955
literal,rare_half,8360,0.675,0.020730620932588956
literal,rare_half,8360,0.725,0.011261245945339431
literal,rare_half,8360,0.775,0.012043276913765773
literal,rare_half,8360,0.825,0.012825307882192135
literal,rare_half,8360,0.875,0.013607338850618492
literal,rare_half,8360,0.925,0.014389369819044845
literal,rare_half,8360,0.975,0.015093197690628557
pragmatic_unlifted,rare_half,8360,0.025,0.0013252661960704896
pragmatic_unlifted,rare_half,8360,0.075,0.0029905665217134754
pragmatic_unlifted,rare_half,8360,0.125,0.0036046835263936045
pragmatic_unlifted,rare_half,8360,0.175,0.009262354343167814
pragmatic_unlifted,rare_half,8360,0.225,0.008557097131523122
pragmatic_unlifted,rare_half,8360,0.275,0.0205108484164746
pragmatic_unlifted,rare_half,8360,0.325,0.028550580666922176
pragmatic_unlifted,rare_half,8360,0.375,0.06132539574815414
pragmatic_unlifted,rare_half,8360,0.425,0.09010833487112974
pragmatic_unlifted,rare_half,8360,0.475,0.24491769986290388
pragmatic_unlifted,rare_half,8360,0.525,0.2060463730670612
pragmatic_unlifted,rare_half,8360,0.575,0.10577739119746432
pragmatic_unlifted,rare_half,8360,0.625,0.06152487098833686
pragmatic_unlifted,rare_half,8360,0.675,0.02828832656850613
pragmatic_unlifted,rare_half,8360,0.725,0.01620175820718154
pragmatic_unlifted,rare_half,8360,0.775,0.018162597346860123
pragmatic_unlifted,rare_half,8360,0.825,0.020171023664202647
pragmatic_unlifted,rare_half,8360,0.875,0.022216456712842184
pragmatic_unlifted,rare_half,8360,0.925,0.02428890468634666
pragmatic_unlifted,rare_half,8360,0.975,0.026169470276746043
fixed_0.05,rare_half,8360,0.075,0.10557224801966675
fixed_0.05,rare_half,8360,0.125,0.04343075662387326
fixed_0.05,rare_half,8360,0.175,0.05585905490303195
fixed_0.05,rare_half,8360,0.225,0.031002458344714563
fixed_0.05,rare_half,8360,0.275,0.04971319311663479
fixed_0.05,rare_half,8360,0.325,0.04971319311663479
fixed_0.05,rare_half,8360,0.375,0.08071565146134933
fixed_0.05,rare_half,8360,0.425,0.09314394974050802
fixed_0.05,rare_half,8360,0.475,0.204862059546572
fixed_0.05,rare_half,8360,0.525,0.14285714285714285
fixed_0.05,rare_half,8360,0.575,0.062004916689429104
fixed_0.05,rare_half,8360,0.625,0.031002458344714563
fixed_0.05,rare_half,8360,0.675,0.0124282982791587
fixed_0.05,rare_half,8360,0.725,0.006282436492761543
fixed_0.05,rare_half,8360,0.775,0.006282436492761543
fixed_0.05,rare_half,8360,0.825,0.006282436492761543
fixed_0.05,rare_half,8360,0.875,0.006282436492761543
fixed_0.05,rare_half,8360,0.925,0.006282436492761543
fixed_0.05,rare_half,8360,0.975,0.006282436492761543
fixed_0.1,rare_half,8360,0.125,0.048557031607879046
fixed_0.1,rare_half,8360,0.175,0.06245228279126581
fixed_0.1,rare_half,8360,0.225,0.03466178042449228
fixed_0.1,rare_half,8360,0.275,0.055581004733547074
fixed_0.1,rare_half,8360,0.325,0.055581004733547074
fixed_0.1,rare_half,8360,0.375,0.09024278515803934
fixed_0.1,rare_half,8360,0.425,0.1041380363414261
fixed_0.1,rare_half,8360,0.475,0.2290426019239578
fixed_0.1,rare_half,8360,0.525,0.1597190410749732
fixed_0.1,rare_half,8360,0.575,0.06932356084898454
fixed_0.1,rare_half,8360,0.625,0.03466178042449228
fixed_0.1,rare_half,8360,0.675,0.013895251183386772
fixed_0.1,rare_half,8360,0.725,0.007023973125668041
fixed_0.1,rare_half,8360,0.775,0.007023973125668041
fixed_0.1,rare_half,8360,0.825,0.007023973125668041
fixed_0.1,rare_half,8360,0.875,0.007023973125668041
fixed_0.1,rare_half,8360,0.925,0.007023973125668041
fixed_0.1,rare_half,8360,0.975,0.007023973125668041
fixed_0.3,rare_half,8360,0.325,0.06958516536035173
fixed_0.3,rare_half,8360,0.375,0.11298030969221942
fixed_0.3,rare_half,8360,0.425,0.13037660103230733
fixed_0.3,rare_half,8360,0.475,0.2867520550563946
fixed_0.3,rare_half,8360,0.525,0.1999617663926591
fixed_0.3,rare_half,8360,0.575,0.0867902886637354
fixed_0.3,rare_half,8360,0.625,0.04339514433186771
fixed_0.3,rare_half,8360,0.675,0.017396291340087935
fixed_0.3,rare_half,8360,0.725,0.008793729688396102
fixed_0.3,rare_half,8360,0.775,0.008793729688396102
fixed_0.3,rare_half,8360,0.825,0.008793729688396102
fixed_0.3,rare_half,8360,0.875,0.008793729688396102
fixed_0.3,rare_half,8360,0.925,0.008793729688396102
fixed_0.3,rare_half,8360,0.975,0.008793729688396102
prior,rare_strong,8360,0.975,0.004598620413875837
prior,rare_strong,8360,0.925,0.004598620413875837
prior,rare_strong,8360,0.875,0.00909727081875437
prior,rare_strong,8360,0.825,0.022693192042387286
prior,rare_strong,8360,0.775,0.16355093471958412
prior,rare_strong,8360,0.725,0.20903728881335598
prior,rare_strong,8360,0.675,0.0135959212236329
prior,rare_strong,8360,0.625,0.027291812456263116
prior,rare_strong,8360,0.575,0.022693192042387286
prior,rare_strong,8360,0.525,0.00909727081875437
prior,rare_strong,8360,0.475,0.004598620413875837
prior,rare_strong,8360,0.425,0.004598620413875837
prior,rare_strong,8360,0.375,0.004598620413875837
prior,rare_strong,8360,0.325,0.0135959212236329
prior,rare_strong,8360,0.275,0.004598620413875837
prior,rare_strong,8360,0.225,0.031790462861141656
prior,rare_strong,8360,0.175,0.036389083275017484
prior,rare_strong,8360,0.125,0.027291812456263116
prior,rare_strong,8360,0.075,0.05458362491252624
prior,rare_strong,8360,0.025,0.33170048985304407
literal,rare_strong,8360,0.025,0.020978649576886294
literal,rare_strong,8360,0.075,0.009666111956945073
literal,rare_strong,8360,0.125,0.008285238820238638
literal,rare_strong,8360,0.175,0.01564989554933964
literal,rare_strong,8360,0.225,0.017693385465930876
literal,rare_strong,8360,0.275,0.0031411070252553063
literal,rare_strong,8360,0.325,0.011006519946788317
literal,rare_strong,8360,0.375,0.004304479997572087
literal,rare_strong,8360,0.425,0.004886166483730475
literal,rare_strong,8360,0.475,0.00546785296988887
literal,rare_strong,8360,0.525,0.011967567184789151
literal,rare_strong,8360,0.575,0.032723658453927905
literal,rare_strong,8360,0.625,0.04280706723789965
literal,rare_strong,8360,0.675,0.023044901138588064
literal,rare_strong,8360,0.725,0.3807567994092089
literal,rare_strong,8360,0.775,0.3185922175406295
literal,rare_strong,8360,0.825,0.04707614023196646
literal,rare_strong,8360,0.875,0.020022660482243375
literal,rare_strong,8360,0.925,0.010703031345314397
literal,rare_strong,8360,0.975,0.011226549182856937
pragmatic_unlifted,rare_strong,8360,0.025,0.0008414224369616371
pragmatic_unlifted,rare_strong,8360,0.075,0.0010847306164571784
pragmatic_unlifted,rare_strong,8360,0.125,0.0015912486181571624
pragmatic_unlifted,rare_strong,8360,0.175,0.004247320730975845
pragmatic_unlifted,rare_strong,8360,0.225,0.006193231292181532
pragmatic_unlifted,rare_strong,8360,0.275,0.0013436588487351435
pragmatic_unlifted,rare_strong,8360,0.325,0.0055518269521730255
pragmatic_unlifted,rare_strong,8360,0.375,0.002495697120360107
pragmatic_unlifted,rare_strong,8360,0.425,0.003194236774554297
pragmatic_unlifted,rare_strong,8360,0.475,0.003970069165854481
pragmatic_unlifted,rare_strong,8360,0.525,0.009534283907010575
pragmatic_unlifted,rare_strong,8360,0.575,0.02831921748610762
pragmatic_unlifted,rare_strong,8360,0.625,0.03990219148395474
pragmatic_unlifted,rare_strong,8360,0.675,0.02297065221258952
pragmatic_unlifted,rare_strong,8360,0.725,0.4033082670708707
pragmatic_unlifted,rare_strong,8360,0.775,0.3566365678347215
pragmatic_unlifted,rare_strong,8360,0.825,0.05542150475302127
pragmatic_unlifted,rare_strong,8360,0.875,0.024683117682464232
pragmatic_unlifted,rare_strong,8360,0.925,0.013762332005131484
pragmatic_unlifted,rare_strong,8360,0.975,0.014948423007718136
fixed_0.05,rare_strong,8360,0.075,0.08167539267015705
fixed_0.05,rare_strong,8360,0.125,0.04083769633507853
fixed_0.05,rare_strong,8360,0.175,0.05445026178010469
fixed_0.05,rare_strong,8360,0.225,0.0475691847419596
fixed_0.05,rare_strong,8360,0.275,0.006881077038145099
fixed_0.05,rare_strong,8360,0.325,0.02034405385190724
fixed_0.05,rare_strong,8360,0.375,0.006881077038145099
fixed_0.05,rare_strong,8360,0.425,0.006881077038145099
fixed_0.05,rare_strong,8360,0.475,0.006881077038145099
fixed_0.05,rare_strong,8360,0.525,0.01361256544502617
fixed_0.05,rare_strong,8360,0.575,0.03395661929693343
fixed_0.05,rare_strong,8360,0.625,0.04083769633507853
fixed_0.05,rare_strong,8360,0.675,0.02034405385190724
fixed_0.05,rare_strong,8360,0.725,0.3127898279730739
fixed_0.05,rare_strong,8360,0.775,0.24472700074794307
fixed_0.05,rare_strong,8360,0.825,0.03395661929693343
fixed_0.05,rare_strong,8360,0.875,0.01361256544502617
fixed_0.05,rare_strong,8360,0.925,0.006881077038145099
fixed_0.05,rare_strong,8360,0.975,0.006881077038145099
fixed_0.1,rare_strong,8360,0.125,0.044469783352337505
fixed_0.1,rare_strong,8360,0.175,0.05929304446978334
fixed_0.1,rare_strong,8360,0.225,0.051799967421404136
fixed_0.1,rare_strong,8360,0.275,0.007493077048379215
fixed_0.1,rare_strong,8360,0.325,0.022153445186512445
fixed_0.1,rare_strong,8360,0.375,0.007493077048379215
fixed_0.1,rare_strong,8360,0.425,0.007493077048379215
fixed_0.1,rare_strong,8360,0.475,0.007493077048379215
fixed_0.1,rare_strong,8360,0.525,0.014823261117445832
fixed_0.1,rare_strong,8360,0.575,0.0369767063039583
fixed_0.1,rare_strong,8360,0.625,0.044469783352337505
fixed_0.1,rare_strong,8360,0.675,0.022153445186512445
fixed_0.1,rare_strong,8360,0.725,0.34060921974262903
fixed_0.1,rare_strong,8360,0.775,0.26649291415539983
fixed_0.1,rare_strong,8360,0.825,0.0369767063039583
fixed_0.1,rare_strong,8360,0.875,0.014823261117445832
fixed_0.1,rare_strong,8360,0.925,0.007493077048379215
fixed_0.1,rare_strong,8360,0.975,0.007493077048379215
fixed_0.3,rare_strong,8360,0.325,0.026469443363176325
fixed_0.3,rare_strong,8360,0.375,0.00895289996107435
fixed_0.3,rare_strong,8360,0.425,0.00895289996107435
fixed_0.3,rare_strong,8360,0.475,0.00895289996107435
fixed_0.3,rare_strong,8360,0.525,0.01771117166212534
fixed_0.3,rare_strong,8360,0.575,0.0441806150253017
fixed_0.3,rare_strong,8360,0.625,0.053133514986376036
fixed_0.3,rare_strong,8360,0.675,0.026469443363176325
fixed_0.3,rare_strong,8360,0.725,0.4069676917088362
fixed_0.3,rare_strong,8360,0.775,0.3184118333982095
fixed_0.3,rare_strong,8360,0.825,0.0441806150253017
fixed_0.3,rare_strong,8360,0.875,0.01771117166212534
fixed_0.3,rare_strong,8360,0.925,0.00895289996107435
fixed_0.3,rare_strong,8360,0.975,0.00895289996107435
prior,rare_weak,8360,0.975,0.004598620413875837
prior,rare_weak,8360,0.925,0.004598620413875837
prior,rare_weak,8360,0.875,0.022693192042387286
prior,rare_weak,8360,0.825,0.0135959212236329
prior,rare_weak,8360,0.775,0.004598620413875837
prior,rare_weak,8360,0.725,0.004598620413875837
prior,rare_weak,8360,0.675,0.004598620413875837
prior,rare_weak,8360,0.625,0.0135959212236329
prior,rare_weak,8360,0.575,0.004598620413875837
prior,rare_weak,8360,0.525,0.004598620413875837
prior,rare_weak,8360,0.475,0.0135959212236329
prior,rare_weak,8360,0.425,0.00909727081875437
prior,rare_weak,8360,0.375,0.022693192042387286
prior,rare_weak,8360,0.325,0.04538638408477456
prior,rare_weak,8360,0.275,0.10906727981605518
prior,rare_weak,8360,0.225,0.10906727981605518
prior,rare_weak,8360,0.175,0.0863740877736679
prior,rare_weak,8360,0.125,0.07727681695491351
prior,rare_weak,8360,0.075,0.05458362491252624
prior,rare_weak,8360,0.025,0.3907827651704488
literal,rare_weak,8360,0.025,0.05222793773799185
literal,rare_weak,8360,0.075,0.020426214175963655
literal,rare_weak,8360,0.125,0.04957445387133407
literal,rare_weak,8360,0.175,0.07849822967466098
literal,rare_weak,8360,0.225,0.12827576992451067
literal,rare_weak,8360,0.275,0.15742935399826305
literal,rare_weak,8360,0.325,0.07764312913354261
literal,rare_weak,8360,0.375,0.044887434030329396
literal,rare_weak,8360,0.425,0.020426214175963638
literal,rare_weak,8360,0.475,0.034161266617676496
literal,rare_weak,8360,0.525,0.012783753089718755
literal,rare_weak,8360,0.575,0.014012960117576322
literal,rare_weak,8360,0.625,0.045063798516935
literal,rare_weak,8360,0.675,0.01647137417329149
literal,rare_weak,8360,0.725,0.017700581201149035
literal,rare_weak,8360,0.775,0.01892978822900663
literal,rare_weak,8360,0.825,0.059600507715946244
literal,rare_weak,8360,0.875,0.10554612866590958
literal,rare_weak,8360,0.925,0.022617409312579367
literal,rare_weak,8360,0.975,0.023723695637651157
pragmatic_unlifted,rare_weak,8360,0.025,0.004022844159483983
pragmatic_unlifted,rare_weak,8360,0.075,0.004390657286392931
pragmatic_unlifted,rare_weak,8360,0.125,0.01813364271772973
pragmatic_unlifted,rare_weak,8360,0.175,0.04022710959686473
pragmatic_unlifted,rare_weak,8360,0.225,0.0838219497300908
pragmatic_unlifted,rare_weak,8360,0.275,0.12396711698741865
pragmatic_unlifted,rare_weak,8360,0.325,0.07091627972303714
pragmatic_unlifted,rare_weak,8360,0.375,0.04625070592431155
pragmatic_unlifted,rare_weak,8360,0.425,0.023243008772294266
pragmatic_unlifted,rare_weak,8360,0.475,0.04221054857385494
pragmatic_unlifted,rare_weak,8360,0.525,0.0169185914775175
pragmatic_unlifted,rare_weak,8360,0.575,0.019638507700307246
pragmatic_unlifted,rare_weak,8360,0.625,0.06623980773759539
pragmatic_unlifted,rare_weak,8360,0.675,0.02518822977581112
pragmatic_unlifted,rare_weak,8360,0.725,0.027964187122287147
pragmatic_unlifted,rare_weak,8360,0.775,0.030711136484369704
pragmatic_unlifted,rare_weak,8360,0.825,0.09878123292620036
pragmatic_unlifted,rare_weak,8360,0.875,0.17790026376031337
pragmatic_unlifted,rare_weak,8360,0.925,0.03861674141018884
pragmatic_unlifted,rare_weak,8360,0.975,0.0408574381339308
fixed_0.05,rare_weak,8360,0.075,0.089596324253364
fixed_0.05,rare_weak,8360,0.125,0.12684607810961604
fixed_0.05,rare_weak,8360,0.175,0.14177879881851002
fixed_0.05,rare_weak,8360,0.225,0.1790285526747621
fixed_0.05,rare_weak,8360,0.275,0.1790285526747621
fixed_0.05,rare_weak,8360,0.325,0.0744995077125041
fixed_0.05,rare_weak,8360,0.375,0.037249753856252066
fixed_0.05,rare_weak,8360,0.425,0.014932720708893985
fixed_0.05,rare_weak,8360,0.475,0.02231703314735805
fixed_0.05,rare_weak,8360,0.525,0.00754840827042993
fixed_0.05,rare_weak,8360,0.575,0.00754840827042993
fixed_0.05,rare_weak,8360,0.625,0.02231703314735805
fixed_0.05,rare_weak,8360,0.675,0.00754840827042993
fixed_0.05,rare_weak,8360,0.725,0.00754840827042993
fixed_0.05,rare_weak,8360,0.775,0.00754840827042993
fixed_0.05,rare_weak,8360,0.825,0.02231703314735805
fixed_0.05,rare_weak,8360,0.875,0.037249753856252066
fixed_0.05,rare_weak,8360,0.925,0.00754840827042993
fixed_0.05,rare_weak,8360,0.975,0.00754840827042993
fixed_0.1,rare_weak,8360,0.125,0.13932948810382123
fixed_0.1,rare_weak,8360,0.175,0.15573179524152853
fixed_0.1,rare_weak,8360,0.225,0.19664744051910607
fixed_0.1,rare_weak,8360,0.275,0.19664744051910607
fixed_0.1,rare_weak,8360,0.325,0.08183129055515502
fixed_0.1,rare_weak,8360,0.375,0.040915645277577524
fixed_0.1,rare_weak,8360,0.425,0.01640230713770728
fixed_0.1,rare_weak,8360,0.475,0.024513338139870215
fixed_0.1,rare_weak,8360,0.525,0.008291276135544343
fixed_0.1,rare_weak,8360,0.575,0.008291276135544343
fixed_0.1,rare_weak,8360,0.625,0.024513338139870215
fixed_0.1,rare_weak,8360,0.675,0.008291276135544343
fixed_0.1,rare_weak,8360,0.725,0.008291276135544343
fixed_0.1,rare_weak,8360,0.775,0.008291276135544343
fixed_0.1,rare_weak,8360,0.825,0.024513338139870215
fixed_0.1,rare_weak,8360,0.875,0.040915645277577524
fixed_0.1,rare_weak,8360,0.925,0.008291276135544343
fixed_0.1,rare_weak,8360,0.975,0.008291276135544343
fixed_0.3,rare_weak,8360,0.325,0.26257952573742044
fixed_0.3,rare_weak,8360,0.375,0.13128976286871027
fixed_0.3,rare_weak,8360,0.425,0.052631578947368404
fixed_0.3,rare_weak,8360,0.475,0.07865818392134177
fixed_0.3,rare_weak,8360,0.525,0.02660497397339503
fixed_0.3,rare_weak,8360,0.575,0.02660497397339503
fixed_0.3,rare_weak,8360,0.625,0.07865818392134177
fixed_0.3,rare_weak,8360,0.675,0.02660497397339503
fixed_0.3,rare_weak,8360,0.725,0.02660497397339503
fixed_0.3,rare_weak,8360,0.775,0.02660497397339503
fixed_0.3,rare_weak,8360,0.825,0.07865818392134177
fixed_0.3,rare_weak,8360,0.875,0.13128976286871027
fixed_0.3,rare_weak,8360,0.925,0.02660497397339503
fixed_0.3,rare_weak,8360,0.975,0.02660497397339503
prior,strong_or_deterministic,8360,0.975,0.17263094762095166
prior,strong_or_deterministic,8360,0.925,0.08636545381847262
prior,strong_or_deterministic,8360,0.875,0.04998000799680129
prior,strong_or_deterministic,8360,0.825,0.14084366253498604
prior,strong_or_deterministic,8360,0.775,0.11815273890443823
prior,strong_or_deterministic,8360,0.725,0.18172730907636953
prior,strong_or_deterministic,8360,0.675,0.08636545381847262
prior,strong_or_deterministic,8360,0.625,0.04998000799680129
prior,strong_or_deterministic,8360,0.575,0.004598160735705716
prior,strong_or_deterministic,8360,0.525,0.004598160735705716
prior,strong_or_deterministic,8360,0.475,0.004598160735705716
prior,strong_or_deterministic,8360,0.425,0.031787285085965615
prior,strong_or_deterministic,8360,0.375,0.004598160735705716
prior,strong_or_deterministic,8360,0.325,0.013594562175129946
prior,strong_or_deterministic,8360,0.275,0.004598160735705716
prior,strong_or_deterministic,8360,0.225,0.013594562175129946
prior,strong_or_deterministic,8360,0.175,0.018192722910835672
prior,strong_or_deterministic,8360,0.125,0.004598160735705716
prior,strong_or_deterministic,8360,0.075,0.004598160735705716
prior,strong_or_deterministic,8360,0.025,0.004598160735705716
literal,strong_or_deterministic,8360,0.025,0.00015315312315841646
literal,strong_or_deterministic,8360,0.075,0.0004288287448435662
literal,strong_or_deterministic,8360,0.125,0.0007351349911604001
literal,strong_or_deterministic,8360,0.175,0.00412048489610558
literal,strong_or_deterministic,8360,0.225,0.003984644734695509
literal,strong_or_deterministic,8360,0.275,0.001654053730110901
literal,strong_or_deterministic,8360,0.325,0.005795846886829827
literal,strong_or_deterministic,8360,0.375,0.0022666662227445685
literal,strong_or_deterministic,8360,0.425,0.01778707054698968
literal,strong_or_deterministic,8360,0.475,0.002879278715378237
literal,strong_or_deterministic,8360,0.525,0.003185584961695073
literal,strong_or_deterministic,8360,0.575,0.003491891208011905
literal,strong_or_deterministic,8360,0.625,0.04128475493835588
literal,strong_or_deterministic,8360,0.675,0.0770932868990821
literal,strong_or_deterministic,8360,0.725,0.17432288007777533
literal,strong_or_deterministic,8360,0.775,0.12120937696643613
literal,strong_or_deterministic,8360,0.825,0.15386961342154065
literal,strong_or_deterministic,8360,0.875,0.05793183354253163
literal,strong_or_deterministic,8360,0.925,0.10585943872709776
literal,strong_or_deterministic,8360,0.975,0.22194617666545713
pragmatic_unlifted,strong_or_deterministic,8360,0.025,0.000004938524215658233
pragmatic_unlifted,strong_or_deterministic,8360,0.075,0.00003871000403036298
pragmatic_unlifted,strong_or_deterministic,8360,0.125,0.00011370763331587061
pragmatic_unlifted,strong_or_deterministic,8360,0.175,0.0009022635833380222
pragmatic_unlifted,strong_or_deterministic,8360,0.225,0.0011280763678549709
pragmatic_unlifted,strong_or_deterministic,8360,0.275,0.0005740173937347127
pragmatic_unlifted,strong_or_deterministic,8360,0.325,0.0023804541375294346
pragmatic_unlifted,strong_or_deterministic,8360,0.375,0.0010746319294071697
pragmatic_unlifted,strong_or_deterministic,8360,0.425,0.009554290276960297
pragmatic_unlifted,strong_or_deterministic,8360,0.475,0.0017270221328568743
pragmatic_unlifted,strong_or_deterministic,8360,0.525,0.002109009392643063
pragmatic_unlifted,strong_or_deterministic,8360,0.575,0.0025274927617231387
pragmatic_unlifted,strong_or_deterministic,8360,0.625,0.03241183973037316
pragmatic_unlifted,strong_or_deterministic,8360,0.675,0.06520516072453787
pragmatic_unlifted,strong_or_deterministic,8360,0.725,0.15792363832989714
pragmatic_unlifted,strong_or_deterministic,8360,0.775,0.1170197467293
pragmatic_unlifted,strong_or_deterministic,8360,0.825,0.15760654088078496
pragmatic_unlifted,strong_or_deterministic,8360,0.875,0.0627081252944636
pragmatic_unlifted,strong_or_deterministic,8360,0.925,0.12066743596463096
pragmatic_unlifted,strong_or_deterministic,8360,0.975,0.26432289820840293
fixed_0.05,strong_or_deterministic,8360,0.075,0.004619401486242217
fixed_0.05,strong_or_deterministic,8360,0.125,0.004619401486242217
fixed_0.05,strong_or_deterministic,8360,0.175,0.01827676240208878
fixed_0.05,strong_or_deterministic,8360,0.225,0.013657360915846557
fixed_0.05,strong_or_deterministic,8360,0.275,0.004619401486242217
fixed_0.05,strong_or_deterministic,8360,0.325,0.013657360915846557
fixed_0.05,strong_or_deterministic,8360,0.375,0.004619401486242217
fixed_0.05,strong_or_deterministic,8360,0.425,0.031934123317935326
fixed_0.05,strong_or_deterministic,8360,0.475,0.004619401486242217
fixed_0.05,strong_or_deterministic,8360,0.525,0.004619401486242217
fixed_0.05,strong_or_deterministic,8360,0.575,0.004619401486242217
fixed_0.05,strong_or_deterministic,8360,0.625,0.0502108857200241
fixed_0.05,strong_or_deterministic,8360,0.675,0.08676441052420164
fixed_0.05,strong_or_deterministic,8360,0.725,0.18256678047800773
fixed_0.05,strong_or_deterministic,8360,0.775,0.11869853384213694
fixed_0.05,strong_or_deterministic,8360,0.825,0.14149427595902797
fixed_0.05,strong_or_deterministic,8360,0.875,0.0502108857200241
fixed_0.05,strong_or_deterministic,8360,0.925,0.08676441052420164
fixed_0.05,strong_or_deterministic,8360,0.975,0.1734283992769633
fixed_0.1,strong_or_deterministic,8360,0.125,0.004640839386602094
fixed_0.1,strong_or_deterministic,8360,0.175,0.01836158192090396
fixed_0.1,strong_or_deterministic,8360,0.225,0.01372074253430186
fixed_0.1,strong_or_deterministic,8360,0.275,0.004640839386602094
fixed_0.1,strong_or_deterministic,8360,0.325,0.01372074253430186
fixed_0.1,strong_or_deterministic,8360,0.375,0.004640839386602094
fixed_0.1,strong_or_deterministic,8360,0.425,0.03208232445520581
fixed_0.1,strong_or_deterministic,8360,0.475,0.004640839386602094
fixed_0.1,strong_or_deterministic,8360,0.525,0.004640839386602094
fixed_0.1,strong_or_deterministic,8360,0.575,0.004640839386602094
fixed_0.1,strong_or_deterministic,8360,0.625,0.050443906376109765
fixed_0.1,strong_or_deterministic,8360,0.675,0.08716707021791767
fixed_0.1,strong_or_deterministic,8360,0.725,0.1834140435835352
fixed_0.1,strong_or_deterministic,8360,0.775,0.11924939467312347
fixed_0.1,strong_or_deterministic,8360,0.825,0.1421509281678773
fixed_0.1,strong_or_deterministic,8360,0.875,0.050443906376109765
fixed_0.1,strong_or_deterministic,8360,0.925,0.08716707021791767
fixed_0.1,strong_or_deterministic,8360,0.975,0.17423325262308315
fixed_0.3,strong_or_deterministic,8360,0.325,0.014312776257629974
fixed_0.3,strong_or_deterministic,8360,0.375,0.004841086087139549
fixed_0.3,strong_or_deterministic,8360,0.425,0.03346663860239949
fixed_0.3,strong_or_deterministic,8360,0.475,0.004841086087139549
fixed_0.3,strong_or_deterministic,8360,0.525,0.004841086087139549
fixed_0.3,strong_or_deterministic,8360,0.575,0.004841086087139549
fixed_0.3,strong_or_deterministic,8360,0.625,0.05262050094716901
fixed_0.3,strong_or_deterministic,8360,0.675,0.09092822563670805
fixed_0.3,strong_or_deterministic,8360,0.725,0.19132814144390659
fixed_0.3,strong_or_deterministic,8360,0.775,0.12439486423910752
fixed_0.3,strong_or_deterministic,8360,0.825,0.1482845716691223
fixed_0.3,strong_or_deterministic,8360,0.875,0.05262050094716901
fixed_0.3,strong_or_deterministic,8360,0.925,0.09092822563670805
fixed_0.3,strong_or_deterministic,8360,0.975,0.18175121027152177
prior,uniform,8360,0.975,0.022699999999999998
prior,uniform,8360,0.925,0.009099999999999997
prior,uniform,8360,0.875,0.018199999999999997
prior,uniform,8360,0.825,0.045399999999999975
prior,uniform,8360,0.775,0.05459999999999998
prior,uniform,8360,0.725,0.02729999999999999
prior,uniform,8360,0.675,0.08179999999999997
prior,uniform,8360,0.625,0.04999999999999999
prior,uniform,8360,0.575,0.04089999999999998
prior,uniform,8360,0.525,0.11359999999999995
prior,uniform,8360,0.475,0.13179999999999994
prior,uniform,8360,0.425,0.03179999999999999
prior,uniform,8360,0.375,0.07269999999999996
prior,uniform,8360,0.325,0.07729999999999997
prior,uniform,8360,0.275,0.02729999999999999
prior,uniform,8360,0.225,0.02729999999999999
prior,uniform,8360,0.175,0.018199999999999997
prior,uniform,8360,0.125,0.07729999999999997
prior,uniform,8360,0.075,0.06359999999999999
prior,uniform,8360,0.025,0.009099999999999997
literal,uniform,8360,0.025,0.0004834336325309398
literal,uniform,8360,0.075,0.009460424316605466
literal,uniform,8360,0.125,0.019711342309261526
literal,uniform,8360,0.175,0.0065746974024207825
literal,uniform,8360,0.225,0.012762647898816818
literal,uniform,8360,0.275,0.015663249694002457
literal,uniform,8360,0.325,0.052563579491364046
literal,uniform,8360,0.375,0.05715991772065822
literal,uniform,8360,0.425,0.028381272949816367
literal,uniform,8360,0.475,0.13163419692642464
literal,uniform,8360,0.525,0.12552699578403384
literal,uniform,8360,0.575,0.04953972868217057
literal,uniform,8360,0.625,0.065874473004216
literal,uniform,8360,0.675,0.11646181830545367
literal,uniform,8360,0.725,0.04176866585067321
literal,uniform,8360,0.775,0.0893385352917177
literal,uniform,8360,0.825,0.07910886712906294
literal,uniform,8360,0.875,0.033646980824153426
literal,uniform,8360,0.925,0.017790357677138602
literal,uniform,8360,0.975,0.04654881510947913
pragmatic_unlifted,uniform,8360,0.025,0.00002166433047668684
pragmatic_unlifted,uniform,8360,0.075,0.0011864462402698121
pragmatic_unlifted,uniform,8360,0.125,0.004232806467718232
pragmatic_unlifted,uniform,8360,0.175,0.0019965526104754176
pragmatic_unlifted,uniform,8360,0.225,0.0050035657062779335
pragmatic_unlifted,uniform,8360,0.275,0.007513784169540427
pragmatic_unlifted,uniform,8360,0.325,0.02977722162856907
pragmatic_unlifted,uniform,8360,0.375,0.037283856272254286
pragmatic_unlifted,uniform,8360,0.425,0.020913765202815793
pragmatic_unlifted,uniform,8360,0.475,0.1079667938753076
pragmatic_unlifted,uniform,8360,0.525,0.11323735286641749
pragmatic_unlifted,uniform,8360,0.575,0.04866994103596281
pragmatic_unlifted,uniform,8360,0.625,0.06990151432772194
pragmatic_unlifted,uniform,8360,0.675,0.13254059344978641
pragmatic_unlifted,uniform,8360,0.725,0.05067097370686682
pragmatic_unlifted,uniform,8360,0.775,0.11491316692078937
pragmatic_unlifted,uniform,8360,0.825,0.10738107467220998
pragmatic_unlifted,uniform,8360,0.875,0.0479946792307374
pragmatic_unlifted,uniform,8360,0.925,0.026566607113392163
pragmatic_unlifted,uniform,8360,0.975,0.07222764017241014
fixed_0.05,uniform,8360,0.075,0.06418407508325766
fixed_0.05,uniform,8360,0.125,0.07800988999899082
fixed_0.05,uniform,8360,0.175,0.018367140982944802
fixed_0.05,uniform,8360,0.225,0.0275507114744172
fixed_0.05,uniform,8360,0.275,0.0275507114744172
fixed_0.05,uniform,8360,0.325,0.07800988999899082
fixed_0.05,uniform,8360,0.375,0.07336764557473004
fixed_0.05,uniform,8360,0.425,0.03209203754162883
fixed_0.05,uniform,8360,0.475,0.13301039459077607
fixed_0.05,uniform,8360,0.525,0.11464325360783126
fixed_0.05,uniform,8360,0.575,0.04127560803310122
fixed_0.05,uniform,8360,0.625,0.05045917852457363
fixed_0.05,uniform,8360,0.675,0.08255121606620244
fixed_0.05,uniform,8360,0.725,0.0275507114744172
fixed_0.05,uniform,8360,0.775,0.0551014229488344
fixed_0.05,uniform,8360,0.825,0.045816934100312845
fixed_0.05,uniform,8360,0.875,0.018367140982944802
fixed_0.05,uniform,8360,0.925,0.0091835704914724
fixed_0.05,uniform,8360,0.975,0.02290846705015643
fixed_0.1,uniform,8360,0.125,0.08336029332470613
fixed_0.1,uniform,8360,0.175,0.019626873719400414
fixed_0.1,uniform,8360,0.225,0.029440310579100612
fixed_0.1,uniform,8360,0.275,0.029440310579100612
fixed_0.1,uniform,8360,0.325,0.08336029332470613
fixed_0.1,uniform,8360,0.375,0.07839965491211041
fixed_0.1,uniform,8360,0.425,0.03429310902620511
fixed_0.1,uniform,8360,0.475,0.1421330745174161
fixed_0.1,uniform,8360,0.525,0.12250620079801573
fixed_0.1,uniform,8360,0.575,0.04410654588590531
fixed_0.1,uniform,8360,0.625,0.05391998274560553
fixed_0.1,uniform,8360,0.675,0.08821309177181064
fixed_0.1,uniform,8360,0.725,0.029440310579100612
fixed_0.1,uniform,8360,0.775,0.05888062115820123
fixed_0.1,uniform,8360,0.825,0.0489593443330098
fixed_0.1,uniform,8360,0.875,0.019626873719400414
fixed_0.1,uniform,8360,0.925,0.009813436859700202
fixed_0.1,uniform,8360,0.975,0.02447967216650491
fixed_0.3,uniform,8360,0.325,0.0994595985589295
fixed_0.3,uniform,8360,0.375,0.09354091610910961
fixed_0.3,uniform,8360,0.425,0.0409161091096243
fixed_0.3,uniform,8360,0.475,0.16958311888831706
fixed_0.3,uniform,8360,0.525,0.14616572310859496
fixed_0.3,uniform,8360,0.575,0.05262480699948533
fixed_0.3,uniform,8360,0.625,0.06433350488934639
fixed_0.3,uniform,8360,0.675,0.10524961399897068
fixed_0.3,uniform,8360,0.725,0.03512609366958312
fixed_0.3,uniform,8360,0.775,0.07025218733916624
fixed_0.3,uniform,8360,0.825,0.058414822439526504
fixed_0.3,uniform,8360,0.875,0.023417395779722086
fixed_0.3,uniform,8360,0.925,0.011708697889861041
fixed_0.3,uniform,8360,0.975,0.029207411219763262
prior,weak_or_deterministic,8360,0.975,0.24080367852858853
prior,weak_or_deterministic,8360,0.925,0.03638544582167133
prior,weak_or_deterministic,8360,0.875,0.049980007996801266
prior,weak_or_deterministic,8360,0.825,0.004598160735705716
prior,weak_or_deterministic,8360,0.775,0.027289084366253498
prior,weak_or_deterministic,8360,0.725,0.07726909236305478
prior,weak_or_deterministic,8360,0.675,0.027289084366253498
prior,weak_or_deterministic,8360,0.625,0.022690923630547775
prior,weak_or_deterministic,8360,0.575,0.004598160735705716
prior,weak_or_deterministic,8360,0.525,0.004598160735705716
prior,weak_or_deterministic,8360,0.475,0.009096361455417834
prior,weak_or_deterministic,8360,0.425,0.0317872850859656
prior,weak_or_deterministic,8360,0.375,0.022690923630547775
prior,weak_or_deterministic,8360,0.325,0.022690923630547775
prior,weak_or_deterministic,8360,0.275,0.07726909236305478
prior,weak_or_deterministic,8360,0.225,0.09086365453818473
prior,weak_or_deterministic,8360,0.175,0.15453818472610953
prior,weak_or_deterministic,8360,0.125,0.08636545381847262
prior,weak_or_deterministic,8360,0.075,0.004598160735705716
prior,weak_or_deterministic,8360,0.025,0.004598160735705716
literal,weak_or_deterministic,8360,0.025,0.00021354170051612038
literal,weak_or_deterministic,8360,0.075,0.0005979167614451372
literal,weak_or_deterministic,8360,0.125,0.01925217696479254
literal,weak_or_deterministic,8360,0.175,0.04880263454751903
literal,weak_or_deterministic,8360,0.225,0.037133973277577295
literal,weak_or_deterministic,8360,0.275,0.03875503331714746
literal,weak_or_deterministic,8360,0.325,0.013488407935209584
literal,weak_or_deterministic,8360,0.375,0.01559597167508608
literal,weak_or_deterministic,8360,0.425,0.024800547409507025
literal,weak_or_deterministic,8360,0.475,0.00794189437484738
literal,weak_or_deterministic,8360,0.525,0.004441667370735318
literal,weak_or_deterministic,8360,0.575,0.004868750771767558
literal,weak_or_deterministic,8360,0.625,0.026133790374468585
literal,weak_or_deterministic,8360,0.675,0.03396427168817713
literal,weak_or_deterministic,8360,0.725,0.10334675551239336
literal,weak_or_deterministic,8360,0.775,0.039033565969994605
literal,weak_or_deterministic,8360,0.825,0.007004167776928768
literal,weak_or_deterministic,8360,0.875,0.08077446932566315
literal,weak_or_deterministic,8360,0.925,0.06218334319029444
literal,weak_or_deterministic,8360,0.975,0.43166712005592955
pragmatic_unlifted,weak_or_deterministic,8360,0.025,0.0000076069458366666274
pragmatic_unlifted,weak_or_deterministic,8360,0.075,0.00005961442729175169
pragmatic_unlifted,weak_or_deterministic,8360,0.125,0.0032876459283435484
pragmatic_unlifted,weak_or_deterministic,8360,0.175,0.011790265596726298
pragmatic_unlifted,weak_or_deterministic,8360,0.225,0.011588571332886734
pragmatic_unlifted,weak_or_deterministic,8360,0.275,0.014809150068157414
pragmatic_unlifted,weak_or_deterministic,8360,0.325,0.0060918729394168255
pragmatic_unlifted,weak_or_deterministic,8360,0.375,0.008118155260999254
pragmatic_unlifted,weak_or_deterministic,8360,0.425,0.014600233840137037
pragmatic_unlifted,weak_or_deterministic,8360,0.475,0.005210537164095005
pragmatic_unlifted,weak_or_deterministic,8360,0.525,0.003209436775908042
pragmatic_unlifted,weak_or_deterministic,8360,0.575,0.0038370817949924547
pragmatic_unlifted,weak_or_deterministic,8360,0.625,0.022281536074076805
pragmatic_unlifted,weak_or_deterministic,8360,0.675,0.031110484606343036
pragmatic_unlifted,weak_or_deterministic,8360,0.725,0.10109209135134385
pragmatic_unlifted,weak_or_deterministic,8360,0.775,0.04056186984543856
pragmatic_unlifted,weak_or_deterministic,8360,0.825,0.007696392761330966
pragmatic_unlifted,weak_or_deterministic,8360,0.875,0.09346918249063049
pragmatic_unlifted,weak_or_deterministic,8360,0.925,0.07549698128128178
pragmatic_unlifted,weak_or_deterministic,8360,0.975,0.5456812895147638
fixed_0.05,weak_or_deterministic,8360,0.075,0.004619401486242217
fixed_0.05,weak_or_deterministic,8360,0.125,0.08676441052420167
fixed_0.05,weak_or_deterministic,8360,0.175,0.1552520586463145
fixed_0.05,weak_or_deterministic,8360,0.225,0.09128339023900384
fixed_0.05,weak_or_deterministic,8360,0.275,0.07762602932315728
fixed_0.05,weak_or_deterministic,8360,0.325,0.022795742116890942
fixed_0.05,weak_or_deterministic,8360,0.375,0.022795742116890942
fixed_0.05,weak_or_deterministic,8360,0.425,0.031934123317935326
fixed_0.05,weak_or_deterministic,8360,0.475,0.00913838120104439
fixed_0.05,weak_or_deterministic,8360,0.525,0.004619401486242217
fixed_0.05,weak_or_deterministic,8360,0.575,0.004619401486242217
fixed_0.05,weak_or_deterministic,8360,0.625,0.022795742116890942
fixed_0.05,weak_or_deterministic,8360,0.675,0.027415143603133168
fixed_0.05,weak_or_deterministic,8360,0.725,0.07762602932315728
fixed_0.05,weak_or_deterministic,8360,0.775,0.027415143603133168
fixed_0.05,weak_or_deterministic,8360,0.825,0.004619401486242217
fixed_0.05,weak_or_deterministic,8360,0.875,0.0502108857200241
fixed_0.05,weak_or_deterministic,8360,0.925,0.03655352480417755
fixed_0.05,weak_or_deterministic,8360,0.975,0.24191604739907613
fixed_0.1,weak_or_deterministic,8360,0.125,0.08716707021791767
fixed_0.1,weak_or_deterministic,8360,0.175,0.15597255851493136
fixed_0.1,weak_or_deterministic,8360,0.225,0.09170702179176754
fixed_0.1,weak_or_deterministic,8360,0.275,0.0779862792574657
fixed_0.1,weak_or_deterministic,8360,0.325,0.02290153349475383
fixed_0.1,weak_or_deterministic,8360,0.375,0.02290153349475383
fixed_0.1,weak_or_deterministic,8360,0.425,0.0320823244552058
fixed_0.1,weak_or_deterministic,8360,0.475,0.009180790960451983
fixed_0.1,weak_or_deterministic,8360,0.525,0.004640839386602094
fixed_0.1,weak_or_deterministic,8360,0.575,0.004640839386602094
fixed_0.1,weak_or_deterministic,8360,0.625,0.02290153349475383
fixed_0.1,weak_or_deterministic,8360,0.675,0.02754237288135593
fixed_0.1,weak_or_deterministic,8360,0.725,0.0779862792574657
fixed_0.1,weak_or_deterministic,8360,0.775,0.02754237288135593
fixed_0.1,weak_or_deterministic,8360,0.825,0.004640839386602094
fixed_0.1,weak_or_deterministic,8360,0.875,0.050443906376109744
fixed_0.1,weak_or_deterministic,8360,0.925,0.036723163841807904
fixed_0.1,weak_or_deterministic,8360,0.975,0.24303874092009678
fixed_0.3,weak_or_deterministic,8360,0.325,0.039003436426116825
fixed_0.3,weak_or_deterministic,8360,0.375,0.039003436426116825
fixed_0.3,weak_or_deterministic,8360,0.425,0.05463917525773193
fixed_0.3,weak_or_deterministic,8360,0.475,0.01563573883161512
fixed_0.3,weak_or_deterministic,8360,0.525,0.007903780068728519
fixed_0.3,weak_or_deterministic,8360,0.575,0.007903780068728519
fixed_0.3,weak_or_deterministic,8360,0.625,0.039003436426116825
fixed_0.3,weak_or_deterministic,8360,0.675,0.046907216494845375
fixed_0.3,weak_or_deterministic,8360,0.725,0.13281786941580753
fixed_0.3,weak_or_deterministic,8360,0.775,0.046907216494845375
fixed_0.3,weak_or_deterministic,8360,0.825,0.007903780068728519
fixed_0.3,weak_or_deterministic,8360,0.875,0.0859106529209622
fixed_0.3,weak_or_deterministic,8360,0.925,0.0625429553264605
fixed_0.3,weak_or_deterministic,8360,0.975,0.41391752577319585
prior,weak_or_half,8360,0.975,0.004598620413875837
prior,weak_or_half,8360,0.925,0.013595921223632913
prior,weak_or_half,8360,0.875,0.004598620413875837
prior,weak_or_half,8360,0.825,0.004598620413875837
prior,weak_or_half,8360,0.775,0.018194541637508756
prior,weak_or_half,8360,0.725,0.009097270818754378
prior,weak_or_half,8360,0.675,0.018194541637508756
prior,weak_or_half,8360,0.625,0.013595921223632913
prior,weak_or_half,8360,0.575,0.049985004498650405
prior,weak_or_half,8360,0.525,0.08637408777366792
prior,weak_or_half,8360,0.475,0.1817454763570929
prior,weak_or_half,8360,0.425,0.05908227531740479
prior,weak_or_half,8360,0.375,0.06358092572228331
prior,weak_or_half,8360,0.325,0.04538638408477458
prior,weak_or_half,8360,0.275,0.12726182145356396
prior,weak_or_half,8360,0.225,0.10456862941117663
prior,weak_or_half,8360,0.175,0.15455363390982707
prior,weak_or_half,8360,0.125,0.009097270818754378
prior,weak_or_half,8360,0.075,0.004598620413875837
prior,weak_or_half,8360,0.025,0.027291812456263116
literal,weak_or_half,8360,0.025,0.0018276297449753556
literal,weak_or_half,8360,0.075,0.0008622663412191415
literal,weak_or_half,8360,0.125,0.0029242075919605716
literal,weak_or_half,8360,0.175,0.07037914279478731
literal,weak_or_half,8360,0.225,0.06162258709358667
literal,weak_or_half,8360,0.275,0.09204023731069302
literal,weak_or_half,8360,0.325,0.03890374349450842
literal,weak_or_half,8360,0.375,0.0630150668992822
literal,weak_or_half,8360,0.425,0.06646948795571911
literal,weak_or_half,8360,0.475,0.22881121053357412
literal,weak_or_half,8360,0.525,0.12031025521209221
literal,weak_or_half,8360,0.575,0.07631860473523477
literal,weak_or_half,8360,0.625,0.022579595618508752
literal,weak_or_half,8360,0.675,0.0326536514435598
literal,weak_or_half,8360,0.725,0.017545245551763438
literal,weak_or_half,8360,0.775,0.03752733076349405
literal,weak_or_half,8360,0.825,0.010100834282852827
literal,weak_or_half,8360,0.875,0.010716738812295071
literal,weak_or_half,8360,0.925,0.03350520640165818
literal,weak_or_half,8360,0.975,0.011886957418235327
pragmatic_unlifted,weak_or_half,8360,0.025,0.00010439497677250677
pragmatic_unlifted,weak_or_half,8360,0.075,0.0001377929678344999
pragmatic_unlifted,weak_or_half,8360,0.125,0.000799594287569717
pragmatic_unlifted,weak_or_half,8360,0.175,0.02718590249477237
pragmatic_unlifted,weak_or_half,8360,0.225,0.030687791741569544
pragmatic_unlifted,weak_or_half,8360,0.275,0.05598645846868648
pragmatic_unlifted,weak_or_half,8360,0.325,0.02788775417522297
pragmatic_unlifted,weak_or_half,8360,0.375,0.05188575400712794
pragmatic_unlifted,weak_or_half,8360,0.425,0.06166100863660664
pragmatic_unlifted,weak_or_half,8360,0.475,0.23554139538651045
pragmatic_unlifted,weak_or_half,8360,0.525,0.13576163396866478
pragmatic_unlifted,weak_or_half,8360,0.575,0.09345268756114669
pragmatic_unlifted,weak_or_half,8360,0.625,0.029747986563168984
pragmatic_unlifted,weak_or_half,8360,0.675,0.0459493250845609
pragmatic_unlifted,weak_or_half,8360,0.725,0.026203507856827308
pragmatic_unlifted,weak_or_half,8360,0.775,0.059154212886711764
pragmatic_unlifted,weak_or_half,8360,0.825,0.016722308625527774
pragmatic_unlifted,weak_or_half,8360,0.875,0.01855224141550349
pragmatic_unlifted,weak_or_half,8360,0.925,0.06041281413273107
pragmatic_unlifted,weak_or_half,8360,0.975,0.022165434762484067
fixed_0.05,weak_or_half,8360,0.075,0.004727646454265159
fixed_0.05,weak_or_half,8360,0.125,0.009352517985611515
fixed_0.05,weak_or_half,8360,0.175,0.1588900308324769
fixed_0.05,weak_or_half,8360,0.225,0.10750256937307295
fixed_0.05,weak_or_half,8360,0.275,0.13083247687564237
fixed_0.05,weak_or_half,8360,0.325,0.04665981500513876
fixed_0.05,weak_or_half,8360,0.375,0.06536485097636177
fixed_0.05,weak_or_half,8360,0.425,0.06073997944501543
fixed_0.05,weak_or_half,8360,0.475,0.18684480986639262
fixed_0.05,weak_or_half,8360,0.525,0.08879753340184998
fixed_0.05,weak_or_half,8360,0.575,0.051387461459403906
fixed_0.05,weak_or_half,8360,0.625,0.013977389516957865
fixed_0.05,weak_or_half,8360,0.675,0.018705035971223034
fixed_0.05,weak_or_half,8360,0.725,0.009352517985611515
fixed_0.05,weak_or_half,8360,0.775,0.018705035971223034
fixed_0.05,weak_or_half,8360,0.825,0.004727646454265159
fixed_0.05,weak_or_half,8360,0.875,0.004727646454265159
fixed_0.05,weak_or_half,8360,0.925,0.013977389516957865
fixed_0.05,weak_or_half,8360,0.975,0.004727646454265159
fixed_0.1,weak_or_half,8360,0.125,0.009396943411813298
fixed_0.1,weak_or_half,8360,0.175,0.1596447748864105
fixed_0.1,weak_or_half,8360,0.225,0.10801321767864511
fixed_0.1,weak_or_half,8360,0.275,0.13145394465097063
fixed_0.1,weak_or_half,8360,0.325,0.04688145394465095
fixed_0.1,weak_or_half,8360,0.375,0.06567534076827754
fixed_0.1,weak_or_half,8360,0.425,0.06102850061957866
fixed_0.1,weak_or_half,8360,0.475,0.18773234200743485
fixed_0.1,weak_or_half,8360,0.525,0.08921933085501857
fixed_0.1,weak_or_half,8360,0.575,0.051631557207765355
fixed_0.1,weak_or_half,8360,0.625,0.014043783560512179
fixed_0.1,weak_or_half,8360,0.675,0.0187938868236266
fixed_0.1,weak_or_half,8360,0.725,0.009396943411813298
fixed_0.1,weak_or_half,8360,0.775,0.0187938868236266
fixed_0.1,weak_or_half,8360,0.825,0.0047501032631144125
fixed_0.1,weak_or_half,8360,0.875,0.0047501032631144125
fixed_0.1,weak_or_half,8360,0.925,0.014043783560512179
fixed_0.1,weak_or_half,8360,0.975,0.0047501032631144125
fixed_0.3,weak_or_half,8360,0.325,0.07925977653631285
fixed_0.3,weak_or_half,8360,0.375,0.1110335195530726
fixed_0.3,weak_or_half,8360,0.425,0.10317737430167598
fixed_0.3,weak_or_half,8360,0.475,0.31738826815642457
fixed_0.3,weak_or_half,8360,0.525,0.15083798882681565
fixed_0.3,weak_or_half,8360,0.575,0.08729050279329606
fixed_0.3,weak_or_half,8360,0.625,0.023743016759776536
fixed_0.3,weak_or_half,8360,0.675,0.03177374301675979
fixed_0.3,weak_or_half,8360,0.725,0.01588687150837989
fixed_0.3,weak_or_half,8360,0.775,0.03177374301675979
fixed_0.3,weak_or_half,8360,0.825,0.008030726256983239
fixed_0.3,weak_or_half,8360,0.875,0.008030726256983239
fixed_0.3,weak_or_half,8360,0.925,0.023743016759776536
fixed_0.3,weak_or_half,8360,0.975,0.008030726256983239
prior,weak_or_strong,8360,0.975,0.004598620413875837
prior,weak_or_strong,8360,0.925,0.004598620413875837
prior,weak_or_strong,8360,0.875,0.004598620413875837
prior,weak_or_strong,8360,0.825,0.040887733679896024
prior,weak_or_strong,8360,0.775,0.05458362491252624
prior,weak_or_strong,8360,0.725,0.09087273817854642
prior,weak_or_strong,8360,0.675,0.10456862941117663
prior,weak_or_strong,8360,0.625,0.05908227531740476
prior,weak_or_strong,8360,0.575,0.0135959212236329
prior,weak_or_strong,8360,0.525,0.00909727081875437
prior,weak_or_strong,8360,0.475,0.031790462861141656
prior,weak_or_strong,8360,0.425,0.07267819654103766
prior,weak_or_strong,8360,0.375,0.036389083275017484
prior,weak_or_strong,8360,0.325,0.018194541637508742
prior,weak_or_strong,8360,0.275,0.05908227531740476
prior,weak_or_strong,8360,0.225,0.2181345596321104
prior,weak_or_strong,8360,0.175,0.06817954613615913
prior,weak_or_strong,8360,0.125,0.09537138858342495
prior,weak_or_strong,8360,0.075,0.004598620413875837
prior,weak_or_strong,8360,0.025,0.00909727081875437
literal,weak_or_strong,8360,0.025,0.0005350001822528089
literal,weak_or_strong,8360,0.075,0.0007572310271885907
literal,weak_or_strong,8360,0.125,0.0269216795007919
literal,weak_or_strong,8360,0.175,0.027265020277094786
literal,weak_or_strong,8360,0.225,0.1128885659290719
literal,weak_or_strong,8360,0.275,0.03752526553058495
literal,weak_or_strong,8360,0.325,0.013696004665671913
literal,weak_or_strong,8360,0.375,0.0316720107893663
literal,weak_or_strong,8360,0.425,0.07180525523036159
literal,weak_or_strong,8360,0.475,0.03514774823714498
literal,weak_or_strong,8360,0.525,0.01112800379085844
literal,weak_or_strong,8360,0.575,0.018229984232192426
literal,weak_or_strong,8360,0.625,0.08616912825541734
literal,weak_or_strong,8360,0.675,0.16480827592369846
literal,weak_or_strong,8360,0.725,0.1539107337498105
literal,weak_or_strong,8360,0.775,0.09886803368031918
literal,weak_or_strong,8360,0.825,0.07886960928525148
literal,weak_or_strong,8360,0.875,0.009411299909343937
literal,weak_or_strong,8360,0.925,0.009952179214478647
literal,weak_or_strong,8360,0.975,0.010438970589099874
pragmatic_unlifted,weak_or_strong,8360,0.025,0.000025294478931252515
pragmatic_unlifted,weak_or_strong,8360,0.075,0.0001001792189525092
pragmatic_unlifted,weak_or_strong,8360,0.125,0.006096936807203255
pragmatic_unlifted,weak_or_strong,8360,0.175,0.008728387470190356
pragmatic_unlifted,weak_or_strong,8360,0.225,0.04663144686627783
pragmatic_unlifted,weak_or_strong,8360,0.275,0.018953945694007674
pragmatic_unlifted,weak_or_strong,8360,0.325,0.008162894828683273
pragmatic_unlifted,weak_or_strong,8360,0.375,0.0217146341982399
pragmatic_unlifted,weak_or_strong,8360,0.425,0.05555804300209126
pragmatic_unlifted,weak_or_strong,8360,0.475,0.030234299828187153
pragmatic_unlifted,weak_or_strong,8360,0.525,0.010514561392499459
pragmatic_unlifted,weak_or_strong,8360,0.575,0.018732989756525407
pragmatic_unlifted,weak_or_strong,8360,0.625,0.09549510815598951
pragmatic_unlifted,weak_or_strong,8360,0.675,0.19557222455241297
pragmatic_unlifted,weak_or_strong,8360,0.725,0.19435782922302183
pragmatic_unlifted,weak_or_strong,8360,0.775,0.13214001737249037
pragmatic_unlifted,weak_or_strong,8360,0.825,0.11103161829201874
pragmatic_unlifted,weak_or_strong,8360,0.875,0.013895826505536196
pragmatic_unlifted,weak_or_strong,8360,0.925,0.015352525751486146
pragmatic_unlifted,weak_or_strong,8360,0.975,0.016701236605255562
fixed_0.05,weak_or_strong,8360,0.075,0.004640839386602098
fixed_0.05,weak_or_strong,8360,0.125,0.09624697336561742
fixed_0.05,weak_or_strong,8360,0.175,0.0688054882970137
fixed_0.05,weak_or_strong,8360,0.225,0.22013720742534312
fixed_0.05,weak_or_strong,8360,0.275,0.05962469733656173
fixed_0.05,weak_or_strong,8360,0.325,0.01836158192090395
fixed_0.05,weak_or_strong,8360,0.375,0.036723163841807904
fixed_0.05,weak_or_strong,8360,0.425,0.07334543987086359
fixed_0.05,weak_or_strong,8360,0.475,0.03208232445520581
fixed_0.05,weak_or_strong,8360,0.525,0.009180790960451974
fixed_0.05,weak_or_strong,8360,0.575,0.013720742534301847
fixed_0.05,weak_or_strong,8360,0.625,0.05962469733656173
fixed_0.05,weak_or_strong,8360,0.675,0.10552865213882162
fixed_0.05,weak_or_strong,8360,0.725,0.09170702179176754
fixed_0.05,weak_or_strong,8360,0.775,0.05508474576271186
fixed_0.05,weak_or_strong,8360,0.825,0.04126311541565778
fixed_0.05,weak_or_strong,8360,0.875,0.004640839386602098
fixed_0.05,weak_or_strong,8360,0.925,0.004640839386602098
fixed_0.05,weak_or_strong,8360,0.975,0.004640839386602098
fixed_0.1,weak_or_strong,8360,0.125,0.09669572268396515
fixed_0.1,weak_or_strong,8360,0.175,0.06912629231704845
fixed_0.1,weak_or_strong,8360,0.225,0.2211635921346038
fixed_0.1,weak_or_strong,8360,0.275,0.059902696128116766
fixed_0.1,weak_or_strong,8360,0.325,0.018447192377863367
fixed_0.1,weak_or_strong,8360,0.375,0.03689438475572674
fixed_0.1,weak_or_strong,8360,0.425,0.07368741131157511
fixed_0.1,weak_or_strong,8360,0.475,0.032231907561321715
fixed_0.1,weak_or_strong,8360,0.525,0.009223596188931683
fixed_0.1,weak_or_strong,8360,0.575,0.013784715183458337
fixed_0.1,weak_or_strong,8360,0.625,0.059902696128116766
fixed_0.1,weak_or_strong,8360,0.675,0.1060206770727752
fixed_0.1,weak_or_strong,8360,0.725,0.09213460368943849
fixed_0.1,weak_or_strong,8360,0.775,0.05534157713359012
fixed_0.1,weak_or_strong,8360,0.825,0.0414555037502534
fixed_0.1,weak_or_strong,8360,0.875,0.0046624771944050285
fixed_0.1,weak_or_strong,8360,0.925,0.0046624771944050285
fixed_0.1,weak_or_strong,8360,0.975,0.0046624771944050285
fixed_0.3,weak_or_strong,8360,0.325,0.03335165842037749
fixed_0.3,weak_or_strong,8360,0.375,0.06670331684075499
fixed_0.3,weak_or_strong,8360,0.425,0.13322338281106832
fixed_0.3,weak_or_strong,8360,0.475,0.058273776800439804
fixed_0.3,weak_or_strong,8360,0.525,0.016675829210188745
fixed_0.3,weak_or_strong,8360,0.575,0.02492211838006229
fixed_0.3,weak_or_strong,8360,0.625,0.10830126443100603
fixed_0.3,weak_or_strong,8360,0.675,0.19168041048194978
fixed_0.3,weak_or_strong,8360,0.725,0.16657504123144584
fixed_0.3,weak_or_strong,8360,0.775,0.1000549752611325
fixed_0.3,weak_or_strong,8360,0.825,0.07494960601062856
fixed_0.3,weak_or_strong,8360,0.875,0.008429540040315191
fixed_0.3,weak_or_strong,8360,0.925,0.008429540040315191
fixed_0.3,weak_or_strong,8360,0.975,0.008429540040315191
